y_test_true_scaled,y_test_pred_scaled,y_test_true_unscaled,y_test_pred_unscaled
0.01732715690381138,0.017141252761370684,0.175216123462,0.17419341645921577
0.02130742359529464,0.017016669883364144,0.19711260497599997,0.173508053669062
0.01901687579575669,0.019231094684797445,0.184511706233,0.18569018001564058
0.021555728433190865,0.019127981871292832,0.198478594422,0.18512292963023513
0.02443185526308806,0.020551686890814547,0.214300915599,0.19295510095384288
0.018944927796264607,0.021941744442912747,0.184115901589,0.2006021688144067
0.023723559414925422,0.019807254282107112,0.210404396057,0.18885978370038853
0.022420537318861167,0.021310905236830657,0.20323613286,0.1971317583909445
0.023442205953344734,0.020229604654304623,0.208856597543,0.1911832428638265
0.021113322183848034,0.020442355937676016,0.196044802666,0.19235364296625923
0.020027753042784868,0.020873034490277664,0.190072804689,0.19472291761453764
0.015632846796491698,0.018745329366016528,0.16589528322200003,0.18301785874993542
0.019515343627353174,0.017194076826142102,0.187253907323,0.1744840153681373
0.019151673333302567,0.017313375925067875,0.18525326252000002,0.17514031071634967
0.01818262625544808,0.018016854037258945,0.179922282696,0.17901032664067335
0.022064305064422318,0.01854878719615044,0.201276406646,0.18193662919353337
0.021443613395003867,0.020812439031817676,0.197861820459,0.1943895662492031
0.02093781045385365,0.020143859283333954,0.195079267025,0.1907115352934801
0.01658482918065366,0.02046782589993812,0.171132385731,0.19249375984813244
0.014993630454002184,0.01885551162910365,0.162378787994,0.18362400001479592
0.015975625029772265,0.016406960936397486,0.16778099536900004,0.17015388629260392
0.02291969044693031,0.016035828992187418,0.20598210394399996,0.16811219301284475
0.02471309766883575,0.019086186014776685,0.215848103166,0.18489299976108192
0.024398199894755127,0.022935579133673112,0.21411576867099996,0.20606951173913335
0.01763039380361126,0.02466085969355497,0.176884308457,0.21556072848768715
0.021242669853984965,0.021490184852188177,0.19675637781600003,0.1981180221485748
0.018816723189738944,0.0189711863122613,0.183410614729,0.1842603565099069
0.018301656557545298,0.017573169990432347,0.180577099323,0.1765695053886243
0.020231651755403673,0.0176170951288519,0.191194504499,0.17681114899091396
0.02205217829704622,0.01935414528060847,0.201209694147,0.18636711332320716
0.023045552043990822,0.01951539911909328,0.20667450129999998,0.18725421259748426
0.02946834523956972,0.02129643574885698,0.24200795590899998,0.19705215797708012
0.025392868391473117,0.024952524636008555,0.219587698579,0.21716525313785245
0.023767735302398302,0.024364906038351175,0.210647419095,0.21393261051407575
0.02082833096284703,0.023063104154115055,0.194476991892,0.20677106001946705
0.016463231048227698,0.020502465939460257,0.170463442802,0.19268432370825356
0.017973613551935132,0.016897240904083066,0.178772449493,0.1728510438152601
0.01730063078527969,0.016631075560689046,0.17507019639,0.17138679908669324
0.01812412956864381,0.016521765737903094,0.179600477219,0.17078545734267073
0.016175707210104338,0.017668997796670916,0.16888169944300002,0.17709667905573553
0.015292381777319734,0.018093902088760605,0.164022296667,0.17943418799624677
0.018182897123581735,0.01710642578909971,0.179923772812,0.17400182423346072
0.0176399094020408,0.01789058473527555,0.176936656237,0.1783156863939328
0.01786384152339507,0.01807987977969594,0.178168565035,0.1793570476297796
0.015747039393496483,0.018968285905166915,0.166523486376,0.18424440061668468
0.019205340440971167,0.018263966830734002,0.185548499227,0.18036975834050828
0.016972471306350247,0.018345184891028987,0.17326490581,0.1808165599982106
0.019288361530479508,0.01814230867174821,0.186005219817,0.17970048518980214
0.018778438684718325,0.01901252388520447,0.183200001717,0.1844877652420204
0.020945513944112773,0.01944613454954286,0.195121645927,0.18687317019899846
0.02343343795111676,0.019568757550094684,0.20880836248399998,0.1875477511939151
0.01953739229517751,0.02154178855735972,0.187375202775,0.19840190754217427
0.022303497897619005,0.02021598898289917,0.202592268586,0.19110833951680503
0.021577896283168523,0.020736687099908224,0.19860054552600004,0.19397283518435904
0.019358050489453354,0.019765488567202116,0.186388596892,0.18863001964807186
0.01667308344302768,0.018715549546487797,0.171617895365,0.182854032223136
0.019750679298115793,0.01815003591797426,0.18854855001,0.17974299477955022
0.02387127194619631,0.01769270522890537,0.211217001081,0.17722709980185714
0.018800955954472058,0.01995589747342502,0.18332387507000003,0.18967750852717938
0.023594116940869003,0.02010975042982066,0.20969229936599998,0.1905238936256452
0.025423985725197402,0.022013004403554526,0.219758883119,0.20099418837787458
0.027840530555680906,0.022018020586950182,0.23305292427499996,0.20102178370640594
0.024587639665323468,0.02340415299874049,0.215157926083,0.20864725835001885
0.02198848906770539,0.024256724331526314,0.200859323144,0.2133374748291449
0.009327447859417312,0.021140132748537876,0.131207644939,0.19619229455024162
0.01092517721717832,0.016523275239833657,0.139997169375,0.1707937615051
0.016103547933555264,0.01370659384710976,0.168484732509,0.15529846512745377
0.023599279687867236,0.01458406687770214,0.20972070097899997,0.16012567231799496
0.01597608008825861,0.019888925354644815,0.167783498764,0.18930907749617282
0.016339262819632286,0.022266153894084706,0.169781461358,0.20238682951710613
0.017797289217539793,0.020695302009831884,0.177802443504,0.19374516504814662
0.02163743310370781,0.01828728457162676,0.198928073049,0.18049803529328107
0.021260828855184655,0.01846118427601323,0.196856275201,0.18145470276245748
0.017544211682750516,0.02123339816538583,0.176410198212,0.19670537184736758
0.0177535819319963,0.020024167532810333,0.17756199836700004,0.1900530798667805
0.019087417989460606,0.01859892571447097,0.18489977717400002,0.18221245421347337
0.01731959155627133,0.017612750396830967,0.175174504519,0.1767872474909006
0.018598246352916358,0.01754835222258838,0.18220871686900003,0.17643297639774613
0.0188036619273381,0.018734163681164318,0.18333876133,0.1829564334156781
0.023518189888319073,0.01873564123039112,0.209274604917,0.1829645617979797
0.02372094282849258,0.020590222108580913,0.21039000153499998,0.1931670932018158
0.019563322503669746,0.022293122508137364,0.187517851591,0.20253519087196858
0.019872407447122296,0.02095287965694631,0.18921820819399998,0.19516216662759578
0.02417936551201793,0.01983211182312833,0.21291190385799996,0.1889965314938515
0.019049138901744492,0.019596714229464296,0.184689193964,0.18770154815287748
0.020625215059090853,0.018925257783424465,0.19335959851700002,0.18400769173626427
0.014516141361138471,0.019967644750649882,0.159751996398,0.1897421333522305
0.0169601088838651,0.01740582244078076,0.173196896911,0.1756488830255048
0.017542172045427816,0.01631546820877927,0.176398977637,0.1696505610196406
0.02007323993212642,0.01732110929022923,0.190323039889,0.17518285396795108
0.021434875188314224,0.018601172715530523,0.197813749313,0.1822248155502822
0.016829994656779066,0.021295334314507863,0.172481104732,0.19704609870047035
0.01772348035395498,0.019393338756047818,0.177396401763,0.18658272681771582
0.019328271244483816,0.018589466260374832,0.186224773526,0.18216041529804294
0.022546558728222324,0.018018852082828718,0.203929409385,0.17902131840863106
0.02734483370533163,0.019626467941344705,0.23032596707299996,0.1878652310547183
0.036262913104354325,0.024076654605517667,0.279386639595,0.21234686446747836
0.03985355762389496,0.03093008078148568,0.299139708281,0.25004934302017173
0.03118865327223328,0.03748097659476751,0.251471817493,0.28608752342215166
0.019847511954878803,0.035853998465157744,0.189081251621,0.27713709389065544
0.03698745291567,0.028226092275948467,0.2833725214,0.23517399950305173
0.03285935721977834,0.030148972503734606,0.260662794113,0.2457522633795522
0.0373952611756984,0.029698920365529735,0.285615980625,0.24327640960180774
0.02461240243197061,0.03503489355205758,0.215294152498,0.2726309848839143
0.01622663313188228,0.03213480469733221,0.16916185617399998,0.25667684238076777
0.015954478352963857,0.022306013460916263,0.167664662004,0.20260610735347595
0.02159182161490844,0.017664713224260664,0.198677152395,0.17707310850937563
0.018314354856727028,0.016748570749179403,0.180646955967,0.17203317065477636
0.01865006343110123,0.01780910708541872,0.182493776083,0.1778674566665852
0.01949769114957795,0.019894618049407675,0.187156796455,0.18934039448955584
0.023635689785352083,0.019617397971602057,0.209921002388,0.18781533479394075
0.020728082658511487,0.02002101344172902,0.193925499916,0.19003572839201543
0.01569528190638826,0.02083497092275488,0.166238754988,0.19451352003713335
0.015641522703634204,0.018874776908752222,0.165943011642,0.18372998332505744
0.018632619521912527,0.01706929876401475,0.182397812605,0.1737975788194079
0.01973031543017002,0.01655753820106881,0.18843652308,0.17098225095956437
0.0247104973344982,0.01842884201858247,0.215833798051,0.18127677959879887
0.02463106253929027,0.022563088963710676,0.21539680659799998,0.20402034650651682
0.021738131049043423,0.023758890966849466,0.199482038617,0.21059876410656342
0.012164680730811396,0.02216024347007195,0.146816000342,0.20180418874921552
0.01838178206671217,0.018101200162244813,0.181017890573,0.17947433659520287
0.021514123084517205,0.016616316718318425,0.198249712586,0.17130560685909002
0.019765010932237967,0.017874999015723148,0.18862739205399998,0.17822994530005287
0.019548213477989445,0.019669744429450187,0.187434732914,0.18810330626305047
0.0189056275357428,0.02178240485227223,0.183899700642,0.199725600315021
0.018012588770914696,0.01900087170017012,0.178986862302,0.18442366354382306
0.028860525224894917,0.017747678802923827,0.23866418004,0.1775295237197894
0.05830614191752667,0.022758450811348307,0.400652170181,0.2050950828035824
0.043738792931631285,0.04689668595314028,0.320513397455,0.3378857876811669
0.04825422467242482,0.05250675096755253,0.345353960991,0.3687482133430611
0.04366452088342159,0.05833862258416056,0.32010480761500004,0.40083085476965663
0.047476421346988776,0.05372099582125811,0.341075062752,0.3754280898572466
0.04578806763050251,0.04995501432867566,0.331786990166,0.3547104469136609
0.04098496849138026,0.050431407265568384,0.305363893509,0.35733120827078096
0.02818232824630311,0.047081708339151374,0.23493324220199996,0.33890364391266936
0.029712332439059255,0.03857245564582401,0.243350192904,0.29209203334997025
0.026961964276528094,0.03250404189490835,0.22821970283999998,0.258708112166862
0.024658336253841756,0.026975843489090157,0.21554684639,0.22829605599541652
0.019333111658410274,0.023121822804521797,0.186251401901,0.20709408657593104
0.01799882866859815,0.019727901420299843,0.178911164403,0.18842324298431945
0.01967259613492387,0.01725774274596792,0.18811899423599998,0.1748342581394372
0.026533039135047846,0.016996670030153815,0.225860074162,0.1733980292787266
0.027163590405367408,0.020572515259494883,0.22932890057599997,0.1930696832231043
0.02497625420772166,0.024382495833219553,0.21729579567899998,0.21402937654711435
0.02702771210393917,0.02500644495872434,0.22858139872599997,0.21746188284663592
0.039304226170067666,0.024522264780624692,0.296117693186,0.21479828185178562
0.0393926592053081,0.030987822490028794,0.29660418629600005,0.2503669951655434
0.03178241793822407,0.03675935967089938,0.254738271236,0.2821177211806391
0.026086047087816918,0.0365542316751406,0.22340105474,0.2809892587646038
0.023404105638495033,0.03154675187759948,0.20864699780899998,0.2534418109885032
0.024459735722288004,0.024630908392200834,0.21445429325099996,0.2153959585947992
0.02017884871725593,0.021352150499737876,0.190904021263,0.1973586593015595
0.02112479074145577,0.018547831349908783,0.196107894182,0.1819313708349401
0.017437259391561752,0.018584154743643888,0.175821825862,0.18213119526407906
0.01822400678343993,0.017608405491084222,0.180149927735,0.17676334503517643
0.018237945658804666,0.01712101729918214,0.180226609111,0.17408209592265805
0.01876645818619984,0.017749926912168756,0.183134093881,0.177541891153014
0.018184828413541906,0.01796925345008976,0.17993439734,0.1787484634395879
0.02024995702546098,0.018778282721744033,0.191295206547,0.1831991437241447
0.028957000335925093,0.019276867280150878,0.239194914699,0.18594198695866498
0.030492990715052987,0.023705684952416983,0.247644796968,0.21030606399329027
0.03280477186918029,0.027326990623545933,0.260362505913,0.23022780764280165
0.024630098248545416,0.031102030579969797,0.21539150178399996,0.250995283550212
0.016145787113581687,0.02768059830233005,0.168717101216,0.2321730953840157
0.020033132484508154,0.02080735879790635,0.190102398396,0.19436161856213877
0.020607781984692937,0.018198296683217707,0.193263694644,0.18000848979179795
0.021240310592424518,0.017044242373787932,0.196743398905,0.17365973710478536
0.021255308562090035,0.019020754110848692,0.196825906634,0.18453304185226876
0.018308728925103906,0.021164600435261305,0.18061600625499996,0.196326897653892
0.020327211331974876,0.018932123755212416,0.191720202565,0.18404546323148901
0.02073250051814218,0.018836010500455913,0.19394980371,0.18351671923789448
0.017850051625540195,0.018874739888284975,0.178092703223,0.18372977966584575
0.02150741638901173,0.018355852911521753,0.198212817311,0.18087524755148704
0.02231615556647162,0.019838367416716407,0.202661901712,0.1890309451399656
0.02049485163327095,0.019997495002576304,0.192642435431,0.18990634734595452
0.01775769100199825,0.020014620024086327,0.177584603429,0.1900005565399574
0.01633135346943889,0.01937727198239647,0.169737949967,0.18649433932021492
0.017144756996611075,0.017062807935272206,0.174212694168,0.17376187108357308
0.017607307710885926,0.016581755149464028,0.176757305861,0.17111547468650612
0.016358868256767474,0.017262162587229568,0.169889315963,0.1748585728349041
0.017954311487305953,0.017759457891544095,0.17866626381900003,0.17759432354759422
0.01770829548510273,0.018483971808004318,0.177312865853,0.1815800628982645
0.02024929339838811,0.01832824845027914,0.191291555762,0.18072338823598033
0.020329703318949895,0.019397274874737525,0.191733911633,0.18660438042959826
0.016059220359920263,0.02023112266640098,0.168240875006,0.19119159384288956
0.01335390569746233,0.018576941825549365,0.153358235955,0.1820915151270529
0.00765070084343964,0.01679607544810091,0.121983423829,0.17229450634969062
0.005913622008852248,0.01352167468779214,0.112427301705,0.15428117677281997
0.010696388429802299,0.011812860499599398,0.138738542795,0.14488054581442564
0.017027620062797174,0.013332677244681235,0.173568293452,0.1532414527191212
0.019919194503541734,0.01753832915834863,0.189475595951,0.17637783691643727
0.019946590108717004,0.022542397182958696,0.189626306295,0.20390651564294757
0.01955118761033689,0.02419382890553995,0.18745109438899998,0.21299147074470187
0.01903299786828593,0.02216515632829058,0.184600397944,0.20183121565909456
0.029842549596203315,0.019532952342263044,0.24406655132799998,0.18735077744010403
0.027783775551179613,0.02347679931159946,0.232740700245,0.209046904597337
0.02583071322116167,0.02555918068995855,0.22199639678,0.22050262575639978
0.019159709991424256,0.026120512382430294,0.185297474265,0.22359065728296307
0.02088010199339829,0.022551226922112144,0.194761797786,0.20395509033281964
0.017844788657317968,0.018378019620481634,0.178063750267,0.18099719237845174
0.019280945160449325,0.01687327524459814,0.185964420438,0.17271920249392217
0.023141534174857793,0.01733721365487617,0.207202523947,0.1752714482632884
0.01947929649326921,0.02018861067998534,0.18705560267,0.19095772435704197
0.021891529102832305,0.019547052229029305,0.200325921178,0.1874283445816696
0.022730608222458364,0.020913834956897637,0.204941913486,0.19494737158517694
0.060184298367982156,0.020628695289691523,0.410984396935,0.1933787441700225
0.05547339733144894,0.04626251167132617,0.385068506002,0.3343970301393394
0.05386113589729955,0.0598211062047298,0.376199036837,0.4089863824537841
0.04697164228729651,0.06699623131975818,0.338298141956,0.44845861047760743
0.022753363856155163,0.0638995691441176,0.205067098141,0.4314230670480417
0.02748697176991753,0.04211366242163933,0.231107905507,0.3115731321592051
0.026057354024034238,0.03356483720642689,0.223243206739,0.26454382286898775
0.021149705194446804,0.02647234610068072,0.196244955063,0.22552618600624103
0.021704608406125068,0.02131630515118299,0.19929762184600003,0.19716146472319757
0.017914637428592468,0.02018755187984289,0.178448006511,0.19095189962228343
0.016541739474367642,0.017303274621729148,0.170895338058,0.1750847408214235
0.01924033931518157,0.016460145998586806,0.18574103713,0.1704464711421421
0.01972822161925694,0.01760613973099079,0.188425004482,0.17675088050004684
0.018537580012208836,0.018213409106577094,0.181874975562,0.18009162716031363
0.020470432869095376,0.019243836584912244,0.192508101463,0.18576027651970498
0.018029875576636774,0.02001635740849128,0.179081961513,0.1900101143431034
0.020411700527000285,0.018567327702754932,0.192184999585,0.18203862533891585
0.019426236130249082,0.01909454304246555,0.186763703823,0.18493897394233286
0.021468747251190436,0.019167750366278824,0.198000088334,0.18534170645671355
0.04137033261599284,0.01961450874959836,0.307483881712,0.18779944043280933
0.037083009783588944,0.032199803519662784,0.283898204565,0.2570344177951586
0.03207059456881129,0.03691474342526402,0.256323605776,0.2829725275965763
0.02504442630507435,0.03779796254437634,0.217670828104,0.2878313455134349
0.04031151441414317,0.03201744161611203,0.301659047604,0.2560311975691117
0.04018382716565099,0.033117838628058394,0.300956606865,0.2620847675175026
0.05584683783996745,0.036723890958580696,0.387122899294,0.28192259857609775
0.050068179952628716,0.05195069573270461,0.355333000422,0.3656892089812019
0.03517957049961881,0.0577576490142484,0.273426890373,0.39763476817050375
0.04087586821568804,0.04917828321948581,0.304763704538,0.35043744721489284
0.020633178582874622,0.04667778854375748,0.193403407931,0.3366815761422092
0.015918507061870073,0.03217809070740718,0.167466774583,0.25691496997192886
0.01908901882021047,0.022904182078461177,0.18490858376000002,0.20589678837853215
0.03019764691316943,0.018716800643688802,0.24602003395599997,0.18286091483399036
0.034230426813919246,0.021528491870094424,0.268205404282,0.1983287590098096
0.03279586572423324,0.029706043244149938,0.260313510895,0.24331559440828504
0.023151001016819682,0.033996611740881366,0.20725460350499997,0.2669191267982768
0.023216607992677656,0.02892348776256637,0.20761552452999998,0.23901055332326454
0.020539496122673216,0.02322349979037064,0.19288803636999996,0.20765343810024028
0.019761849900703794,0.0191941809935412,0.188610002398,0.18548710820642353
0.019999282091031745,0.017475032586376116,0.189916178584,0.17602962602366937
0.018944499824664337,0.018193021685251998,0.184113547206,0.1799794706570526
0.019753796990486818,0.017875298487135427,0.18856570124599997,0.1782315927701224
0.020527832539922006,0.01866054601297079,0.19282387197,0.18255144349021596
0.02059614819748005,0.01918968286102113,0.193199694157,0.18546236281039669
0.014976920597572017,0.019478780904595594,0.162286862731,0.18705276628270845
0.009048767866512085,0.01797194588311246,0.129674553871,0.17876327521339075
0.01290786710600369,0.014969180706982277,0.150904461741,0.1622442835813211
0.013974919699952555,0.014243434427059332,0.15677459538,0.15825176467895952
0.02823138246919754,0.01480394594475698,0.235203102231,0.16133528421093263
0.029328168260482332,0.02364015693513477,0.241236805916,0.2099455773399363
0.04887472402535204,0.029832718289834803,0.348767489195,0.2440124667565774
0.0668978089372274,0.043906304523916584,0.447917163372,0.3214349222592811
0.1177182222614213,0.06528729681306272,0.727493464947,0.4390573176158597
0.12264582323944953,0.11442310964100999,0.754601478577,0.7093661940448341
0.11174780055461483,0.1486246874575633,0.694648623466,0.8975179623703666
0.10151712116173299,0.15773232734786108,0.638366997242,0.9476214564203489
0.078115000986734,0.14968881802568307,0.509625852108,0.9033720211858661
0.04891430328014604,0.11942469293869218,0.348985224962,0.7368812036427507
0.044993649252374014,0.08842416959273719,0.327416688204,0.5663392678921915
0.0433455194568253,0.06786091256705429,0.318349897861,0.45321544674373865
0.035852352824008046,0.053892194408698246,0.27712804079100006,0.3763698977800994
0.033005523093889745,0.043463579049818124,0.261466890574,0.3189993743649361
0.033578647606314835,0.037434034926825066,0.2646197974680001,0.28582928510698113
0.03219016118987131,0.03400341119865791,0.25698137283300004,0.2669565323826382
0.033335976825998474,0.03127925223282568,0.263284802437,0.25197022592127044
0.02682913053313296,0.03112261839230096,0.22748894989499996,0.2511085424564777
0.02134143921819443,0.027879913257646327,0.19729973375800003,0.23326957875380722
0.01444738689718937,0.023165173101645398,0.159373760223,0.20733256782685439
0.01369129907189688,0.017901233675254757,0.155214324594,0.17837426898034525
0.02484923058630235,0.01457917506919948,0.216597005725,0.16009876120807418
0.024597613030709835,0.01831703512451438,0.215212792158,0.18066170081668154
0.023281242552015798,0.02214162375865064,0.207971096039,0.201701756877551
0.021900196883836282,0.025026671127653888,0.200373604894,0.2175731522585606
0.020573758235654615,0.023602541642705255,0.193076521158,0.20973864584032376
0.01979078132842955,0.018737342523635347,0.188769161701,0.1829739210542707
0.024620300947373223,0.018117755234339283,0.215337604284,0.1795654103493448
0.03463170173400409,0.0199652670345023,0.2704129219060001,0.18972905291775044
0.08635998927173873,0.027192887200889415,0.55498367548,0.22949006986220377
0.07866577345919228,0.07234182040490694,0.512655794621,0.4778660853171341
0.07817937009524299,0.09279058259084816,0.509979963303,0.5903600405957404
0.06115935871873092,0.10432277277368157,0.416348457336,0.6538016159290364
0.03157399031014157,0.09430666545425453,0.253591656685,0.5987004064469289
0.01797996811901228,0.06286737706135681,0.178807407618,0.42574471014109627
0.019105996836303814,0.04127698329115059,0.185001984239,0.3069703428151903
0.016593521339709684,0.02702735494112196,0.171180203557,0.22857943388051832
0.01688687155190415,0.018204274568161094,0.172793999314,0.180041375690483
0.017598155075857273,0.015629548378072233,0.176706954837,0.1658771377650381
0.017498895440318622,0.01779889106466387,0.176160901785,0.1778112556813387
0.022550475481733046,0.017776863363312856,0.203950956464,0.17769007557135752
0.020113095472540348,0.020551313523382797,0.190542295575,0.19295304696256518
0.018548455368611147,0.020596902294045538,0.181934803724,0.1932038426381913
0.016091423874831416,0.019890281957407996,0.168418034911,0.18931654052054486
0.01986635896120341,0.018167550108221575,0.189184933901,0.17983934489191922
0.016185098209076064,0.0175524345369239,0.16893336176900003,0.17645543426987145
0.021146067435026495,0.01739735822556815,0.196224942803,0.17560231917782843
0.021476377607111644,0.019500277803331745,0.198042064905,0.1871710263095533
0.01781315125672617,0.020783025057555415,0.177889704704,0.19422775233229522
0.014785102604695692,0.019211129316139275,0.1612316221,0.18558034533378892
0.012608105444671228,0.018215778769939628,0.149255394936,0.18010466329433028
0.011689407339484545,0.015165631245551925,0.144201397896,0.16332500905014707
0.007661742783864116,0.014137313973944465,0.122044168413,0.15766796848639308
0.00836651870016096,0.013316989658915701,0.125921323895,0.1531551512327285
0.007157590783984873,0.013424212103226418,0.119270697236,0.1537450097652633
0.010933140740962086,0.013227538992204912,0.140040978789,0.15266305986753462
0.015563301397723207,0.014833624521305266,0.165512695909,0.16149855377378425
0.02086384448662044,0.018438480843339655,0.194672361016,0.18132980527885292
0.018633307527037447,0.022228311275578116,0.1824015975,0.2021786474376631
0.01785600801637362,0.02318251186397141,0.178125470877,0.20742795286463578
0.01762335123159097,0.021323906503710188,0.176845565438,0.19720328173898932
0.019925313415146285,0.018922110962178995,0.189509257674,0.18399038025475556
0.01983901482096626,0.018219589275590142,0.189034506679,0.18012562587623818
0.0248522101359543,0.01928168101213401,0.216613397002,0.18596846854936028
0.024425725516692726,0.021919220580145893,0.214267194271,0.200478259191528
0.01631940276645873,0.02290861104352193,0.169672206044,0.20592115326638916
0.019317152106652156,0.019943913800330837,0.18616360425900003,0.1896115832270134
0.023814121473921767,0.01898947916935445,0.21090260148,0.18436099027096506
0.022126417841065334,0.01897357115474607,0.201618105173,0.18427347614821993
0.02859436204947097,0.020124620362113044,0.23719994723799998,0.19060569698777952
0.020981306462158372,0.025347425634609955,0.195318549871,0.2193377061632334
0.012070952223158151,0.022390193290349192,0.146300375462,0.20306920247294968
0.03267383420290251,0.01789646935123268,0.259642183781,0.1783480591956845
0.05905841321071421,0.024125508474503288,0.404790610075,0.21261562229755543
0.05479335032337342,0.04627659126303135,0.381327390671,0.33447448563249943
0.05050966254155581,0.06091173202007094,0.357761710882,0.41498619851018237
0.04058995062561905,0.066960574723061,0.303190797567,0.44826245427227
0.025828175186553032,0.056184418690420124,0.221982434392,0.3889800192872994
0.02633559250189615,0.03978915361020646,0.224773868918,0.29878540506353596
0.03189754773908762,0.03111666055444562,0.255371630192,0.25107576684203403
0.03306981635922679,0.028057848384415496,0.261820584536,0.2342484461302896
0.02680146135099001,0.028276601975974036,0.22733673453299996,0.23545186649001876
0.02240380850168346,0.027589996421729712,0.203144103289,0.23167467089202276
0.0174479586837499,0.02412527949915305,0.175880685449,0.21261436264464462
0.015844920310133043,0.018902531954247515,0.167061954737,0.18388267104367395
0.023990207444374037,0.01577434586286447,0.211871296167,0.16667370636075834
0.021662485699236147,0.018273303227628934,0.199065893888,0.18042112028629315
0.020895972158541422,0.020042590722050113,0.194849103689,0.19015443061884968
0.013950614700262237,0.02166906351760428,0.15664088726,0.1991020801763732
0.014384846148946081,0.018884036598758314,0.159029707313,0.18378092328631118
0.01586814183710698,0.015452111775370425,0.167189702392,0.1649010128990133
0.018484414010660206,0.015648084239674787,0.18158249557,0.1659791083570577
0.02629113491168061,0.01739624759945857,0.22452929616,0.1755962093349555
0.02576274698356148,0.023459426706185893,0.221622496843,0.20895133337993538
0.02304260499834767,0.025403864608806892,0.20665828883599996,0.219648191628395
0.014022167232344626,0.024534973119197445,0.157034516335,0.2148681937250848
0.021267557220089925,0.01960614854663939,0.196893289685,0.18775344878357234
0.022720534635666225,0.017788259717867627,0.204886496067,0.1777527698795981
0.015800538562907675,0.018756627756759292,0.166817799211,0.183080014133786
0.01123918383503378,0.01846677776482869,0.141724601388,0.18148547399814088
0.015772433283025914,0.017669786554175226,0.166663184762,0.17710101821575944
0.020494532008851433,0.015451719490620908,0.192640677094,0.16489885483865407
0.02646178726681922,0.01753189092515739,0.225468099117,0.17634241852239937
0.026414897280523528,0.023861999450170812,0.22521014511599996,0.2111659906705053
0.02447338747724203,0.02726144509876599,0.214529395103,0.22986722467615262
0.01856061193152557,0.025291982347480757,0.182001680136,0.2190326982314037
0.020124967623878085,0.020745368845897394,0.190607607365,0.194020595725372
0.016140079921663896,0.018068960187234084,0.16868570447,0.17929697611371936
0.02008663707122385,0.01632621820019886,0.19039674103299997,0.16970969951628917
0.022666203901106536,0.01754375435387784,0.204587608576,0.17640768232701473
0.019388279375604743,0.020249172452697195,0.186554893851,0.1912908904083213
0.018471398795892983,0.01986745031098286,0.18151089549100002,0.1891909376997711
0.02209738619211559,0.020029642051914875,0.20145839452700004,0.19008319661916476
0.022497333858236462,0.019428182303396713,0.203658610582,0.18677441022728225
0.020343796589129003,0.019736361984035833,0.191811442375,0.18846978674427395
0.016943390901296405,0.020420062470523193,0.17310492694399998,0.19223100080953154
0.020368946697410857,0.01891766859601751,0.191949799657,0.1839659416439606
0.01797081819263588,0.01810778913072636,0.178757071495,0.1795105842232478
0.01798271201337341,0.017551201221301327,0.178822502494,0.17644864948010136
0.01574959638885266,0.018145496304685482,0.16653755307199997,0.17971802118703412
0.02094440338469209,0.017801585260559638,0.195115536451,0.17782607715316445
0.020557121513562364,0.01847868706100969,0.192984998226,0.18155099013157738
0.014939681643590927,0.01983976518695474,0.162082001567,0.18903863463731763
0.010141674825781242,0.01853796202827418,0.135686919093,0.1818770771316588
0.01214435207589023,0.01624585528545952,0.146704167128,0.16926760223653492
0.021333890122749673,0.014042112786982863,0.19725820422200002,0.1571442420147785
0.019918140826363676,0.01771601813813123,0.189469799399,0.1773553501743746
0.0211405498507659,0.021089416441897824,0.19619458913799998,0.19591329096659268
0.03356585179474313,0.02372844071368918,0.264549404383,0.2104312493501157
0.034428978589005337,0.028914148513819515,0.269297689199,0.23895917568870112
0.03289102170725622,0.030920219452941045,0.260836988688,0.2499950932889557
0.029226438307368454,0.033811186881548994,0.24067716300499997,0.26589905645643386
0.04571461902148456,0.031773513887657256,0.331382930279,0.25468928773973
0.04513034557568949,0.03838326854763979,0.328168690205,0.2910512659544231
0.03806960370050838,0.043883436067020054,0.289325714111,0.32130911693453745
0.033210873659748556,0.04432613771795002,0.262596577406,0.32374453377144113
0.018093968399525834,0.040955453915158646,0.179434552789,0.30520152615456797
0.01688533572953544,0.028048538133733147,0.17278555035599996,0.2341972280216154
0.025610001722054677,0.020453197820064217,0.220782205462,0.19241328697900795
0.029577472601966234,0.019577520897627376,0.24260829389099997,0.18759596064622663
0.029914524682399694,0.02288039530015834,0.24446250498299998,0.20576593112906688
0.02360114055214175,0.02855135174395118,0.209730938077,0.2369633363692507
0.018657569187746397,0.026613556168392227,0.182535067201,0.22630301928825491
0.01621950929956732,0.020561595649573883,0.169122666121,0.19300961161099678
0.014118959258960296,0.01680608287772989,0.157566994429,0.1723495598209423
0.01766423877960139,0.014648809558358677,0.177070498466,0.16048183863046744
0.017139889495798543,0.01608882619379176,0.174185916781,0.1684037443924813
0.017381249274428,0.01754512397229846,0.175513699651,0.17641521695390106
0.01615680061288485,0.0186935515914039,0.16877768933800003,0.1827330157551011
0.02073425303505416,0.01861070630336764,0.193959444761,0.1822772622946886
0.020804700425020365,0.019154398058140842,0.194346994162,0.18526825193947274
0.025900066303620704,0.02020159273019073,0.222377926111,0.1910291419891681
0.024455846055663363,0.02307522201311063,0.214432895184,0.20683772351115054
0.020701505075041676,0.023865338589256102,0.19377928972199998,0.21118436014243297
0.017899040840235234,0.0212228558142446,0.178362205625,0.19664737563385454
0.016506198863708157,0.01905007174444323,0.170699819922,0.1846943257741252
0.019922263439808668,0.016323560674126714,0.189492478967,0.1696950797746934
0.029516467676091653,0.017174701489934774,0.24227268993899997,0.17437742660814312
0.02794725802636964,0.02319530560206884,0.233640059829,0.20749833454291494
0.03012963191928336,0.026603150845401047,0.24564586579799996,0.22624577690220804
0.027247927914230707,0.02932445272411377,0.229792863131,0.241216365784794
0.024595906561431468,0.027028976935024374,0.21520340442699998,0.22858835689052065
0.032869395593727646,0.022831516256478113,0.260718017817,0.20549703480645204
0.03316040008762293,0.026082871861241752,0.262318909168,0.22338358699339028
0.025442079717834153,0.028444910400978074,0.21985842287499996,0.23637777487817702
0.047765811466691156,0.027093917868717676,0.342667073011,0.22894561384447304
0.04846828635826897,0.0399976598166939,0.346531569958,0.2999324518947635
0.03874587480662629,0.04660406081892243,0.293046057224,0.33627598076655907
0.03402669062207156,0.04702601752603164,0.26708459854100003,0.3385972742760354
0.03157279307293993,0.04416078319730149,0.253585070372,0.32283487557884205
0.025456265083280496,0.035237919024286246,0.21993646025699998,0.27374788077157897
0.026818014103953562,0.028145424311672773,0.227427795529,0.23473022406651772
0.016127850224411554,0.0247826881592485,0.16861842572700003,0.2162309385398541
0.018963254735721705,0.019159098510943717,0.184216722846,0.18529411035195698
0.019957059162918834,0.017407106498967262,0.189683899283,0.1756559469633067
0.015313233207942435,0.017439195531070872,0.164137005806,0.1758324770686291
0.024197199471311825,0.01638859962878897,0.213010013103,0.17005287596747093
0.025214677775498753,0.021239550086336267,0.21860742568999997,0.19673921516335818
0.025261990316090204,0.02234914137006505,0.21886770427199997,0.2028433651903527
0.027539739595222434,0.02391292027196157,0.23139819502799996,0.21144611934515034
0.024557185958490275,0.026172847238226216,0.214990392327,0.2238785649261683
0.030983275619488396,0.022055976449451176,0.250341981649,0.20123058877049355
0.03155936342965192,0.02481190979241793,0.25351119041400005,0.2163916943384222
0.029937223433853865,0.027185433376140822,0.244587376714,0.22944906443506358
0.022412194579762998,0.02779161085438714,0.203190237284,0.2327838042842864
0.027791709279425054,0.024932251310704145,0.232784345746,0.21705372430645403
0.031498613119815694,0.023404837974293158,0.253176987171,0.20865102657855455
0.03198125141641638,0.025004598701740377,0.255832105875,0.21745172610713753
0.023494648736925614,0.027758909295055978,0.209145098925,0.23260390450749363
0.025098895182353118,0.026387157812346407,0.217970475554,0.22505754309225917
0.03549644290245919,0.023452734843054934,0.275170087814,0.2089145197016824
0.036999046072735554,0.027289300576029074,0.28343629837,0.2300204648960253
0.08001295248180008,0.03216089074207806,0.520066976547,0.25682034849249974
0.08941854580419277,0.0697101837062935,0.571809589863,0.46338876789364264
0.0912767013499216,0.09673790013856859,0.582031786442,0.6120752603066435
0.07655701069606763,0.1138605885124746,0.501054942608,0.7062716191213585
0.036511450889070894,0.1122718772606644,0.280753910542,0.697531705629938
0.022985199910216546,0.07831608091156117,0.206342488527,0.5107320450337746
0.02447176497709237,0.05207174456332425,0.214520469308,0.3663551300582055
0.025446345891302735,0.035112996532302265,0.219881892204,0.27306064967667193
0.02796520033302606,0.026156037763812312,0.233738765121,0.22378609163874974
0.03215041399681991,0.022382541580052207,0.256762713194,0.20302710842597868
0.02780291780368992,0.026881932802757413,0.23284600675099998,0.2277794289031536
0.02168095349006458,0.026499851938717622,0.199167490005,0.2256775027698616
0.01801253459732432,0.02344483310530615,0.178986564279,0.20887105018871865
0.01813122360560222,0.01934389858471891,0.17963950336,0.18631074358607236
0.01634676045013892,0.016520638569040125,0.169822707772,0.17077925649381204
0.013152073708870523,0.01574509064765206,0.152247905731,0.1665127658186441
0.017110847012239784,0.015586863077085622,0.17402614653100001,0.1656423148306923
0.01867337163585612,0.016961304700743474,0.182622000575,0.17320347541043257
0.013945752616935982,0.018072264394259685,0.156614139676,0.17931515341530807
0.016194424199666626,0.017805387171281606,0.168984666467,0.17784699245213664
0.01695041992987365,0.018473974756811284,0.17314359545699998,0.18152506652148626
0.020038966984536017,0.017434076958137923,0.190134495497,0.17580431846864278
0.009793834066726431,0.01891132332226053,0.133773356676,0.18393103464393012
0.01433787761064442,0.017318701723349428,0.158771321177,0.17516960931683512
0.04660475678830314,0.016555486748758397,0.336279809475,0.17097096538724635
0.04665056059341195,0.03406937411726668,0.336531788111,0.26731941154121747
0.04046784867860265,0.046000373762840274,0.302519083023,0.33295494137690496
0.037100713726302297,0.05264601305739541,0.283995598555,0.3695143302925536
0.018315392281809794,0.048511306033057255,0.180652663112,0.34676823236953025
0.018435007659155678,0.03063943397675417,0.18131069839,0.2484504194102226
0.02910241319634864,0.022701158816060274,0.239994868636,0.20477990464770435
0.028329504458429425,0.02233619373785256,0.235742896795,0.20277213690055054
0.027272330426310987,0.023515273688506422,0.22992710769199998,0.20925856214393018
0.026680264103641802,0.0272932740423682,0.22666999697699997,0.2300423239670336
0.023273880355575982,0.026232941150378497,0.20793059468299996,0.22420915715491563
0.025039940728410242,0.021206937738864673,0.217646151781,0.19655980616419041
0.0314811258718274,0.02056266504881271,0.253080785275,0.19301549465413914
0.02992601220093675,0.024022098974050998,0.244525700808,0.21204673976014393
0.030414070569226282,0.026158026684718116,0.247210636735,0.22379703320955951
0.0243818827970824,0.028427681047324627,0.21402600407599998,0.23628299172593797
0.04003625277728096,0.02528823040418743,0.300144761801,0.21901205781624267
0.07465869082029614,0.031675205508012894,0.490611791611,0.2541484677936294
0.055991752303105054,0.06296883041701612,0.387920111418,0.4263028314176129
0.04671365662154737,0.06988303598350643,0.33687889576,0.4643396731937182
0.03878368258376077,0.06924249906637858,0.293254047632,0.4608159131414244
0.019976764821278015,0.05653224741977314,0.189792305231,0.39089351552578344
0.024746018984410142,0.03584479225267245,0.21602921187899998,0.27708644812314204
0.05371588014016085,0.027648586628892413,0.375399947166,0.2319969908488198
0.05083742384424154,0.039960045326805416,0.359564810991,0.2997255248101377
0.050340229093018635,0.05014430751788118,0.356829613447,0.3557517979434885
0.03170639066445014,0.06036532203037159,0.254320025444,0.4119802551486188
0.016563836898477853,0.05037844578610695,0.171016901731,0.35703985340793654
0.020558259159869124,0.03210743516493625,0.19299125671399997,0.2565262754699029
0.01960702978921324,0.02383726102943473,0.18775829672800004,0.2110298981886894
0.020231028758659918,0.018329293660302892,0.191191077232,0.18072913820796394
0.024989675724871138,0.017648256244786664,0.217369630933,0.17698257438823248
0.02323234543258799,0.022253453633898523,0.20770210027699998,0.20231696208511102
0.02557960489782765,0.021535945741687212,0.22061498463199997,0.1983697646946519
0.02675042437319729,0.02304002835290553,0.22705596685399998,0.20664411403977018
0.02927832310258674,0.02343924631694949,0.24096259474799997,0.20884031581400048
0.028268954591041198,0.024004691816801316,0.235409796238,0.21195097846411204
0.025730575972840907,0.02526452171797644,0.221445515752,0.21888163017167023
0.0195341012470628,0.023788172346339787,0.187357097864,0.21075984858517038
0.019572710793989218,0.020610470194183217,0.187569499016,0.19327848318305332
0.019291774469218013,0.01811151708247144,0.18602399528,0.1795310926546667
0.0222032360500222,0.017015614549618974,0.202040702105,0.17350224800385577
0.017143142622418173,0.018479514839245093,0.174203813076,0.18155554395478424
0.019572001119464506,0.018729543389602477,0.187565594912,0.1829310159910142
0.01857090492133146,0.018894835412568367,0.182058304548,0.18384033036761832
0.02042100484819106,0.01835183308512267,0.19223618507400003,0.18085313344174025
0.024968442370100003,0.018593539077379095,0.21725282072999996,0.18218282092288074
0.027213766022473305,0.022027927542796533,0.229604929686,0.20107628444526693
0.03109123824887385,0.023818576718728113,0.250935912132,0.21092711093956745
0.0352831667343117,0.027597557006880657,0.273996800184,0.2317162636358826
0.030346153087911956,0.03158566008610775,0.24683700501899997,0.2536558551554851
0.02764317601779645,0.030547859692546253,0.23196722567099998,0.24794664547326328
0.022639588396141642,0.028382758878628844,0.204441189766,0.2360358632009774
0.02321218471574246,0.023653354994196407,0.20759119093399997,0.21001818329291988
0.0333573374886979,0.020545092275029875,0.263402312994,0.19291882225851575
0.04067204534624118,0.024630361023220526,0.303642421961,0.21539294737578107
0.04430372639112032,0.03395170680707349,0.323621243238,0.2666720930869138
0.046986225828804795,0.043462362235802354,0.338378369808,0.31899268035479367
0.044671689945525575,0.04977155164941516,0.32564550638200007,0.3537011710343505
0.043638398358619906,0.04976116022712146,0.319961100817,0.3536440051196531
0.04811611983466894,0.04865369842023881,0.344594210386,0.3475515698982257
0.05075469529226664,0.050276435501052874,0.359109699726,0.3564786683180771
0.048416458445293305,0.05298581820535503,0.346246451139,0.3713836867245185
0.04246478081511698,0.05421342417467534,0.313504725695,0.3781370662081634
0.03295528788570719,0.05126354339979977,0.261190533638,0.36190900541169035
0.031236309815478074,0.042835450902225736,0.251733988523,0.3155438781788113
0.028473321905589388,0.03582349597046425,0.236534073949,0.27696929173995627
0.02650984198630774,0.029804959788650054,0.225732460618,0.24385976002731508
0.024293130137240673,0.025526450209087115,0.213537752628,0.22032256687469742
0.018799834560260586,0.022345568061087062,0.183317705989,0.20282370748898615
0.022494381395470588,0.018970399184691178,0.203642368317,0.1842560263165746
0.029891332950964085,0.018561311024209548,0.24433492124099998,0.18200552602654396
0.029475333637999628,0.022292345079410525,0.24204640090499996,0.2025309140344938
0.020087297989462693,0.025742635094678334,0.190400376916,0.22151185611531116
0.011330677680584392,0.024491165701188977,0.142227932811,0.21462719773337124
0.018239738806045763,0.01852224811592834,0.18023647368,0.18179063081590577
0.01433915610850429,0.015972104314027624,0.158778354526,0.16776162699667876
0.013911086910406363,0.01468847659765693,0.156423434615,0.16070005732283993
0.01199338100069521,0.016333644239313272,0.145873636007,0.16975055208743445
0.013362224058508454,0.016906949766340218,0.153403997421,0.1729044547898037
0.014337585073110976,0.015255907275629255,0.158769711852,0.1638216409537266
0.01759201720350518,0.016611352395527634,0.176673188806,0.1712782968292243
0.017028221390141134,0.018488942745277404,0.17357160151,0.1816074093161164
0.013766876704488963,0.019563483972133533,0.155630096793,0.18751873987098386
0.015995858880955713,0.018147961708934623,0.167892307043,0.1797315840165504
0.01982567185564098,0.017745063978699127,0.188961103559,0.17751513889215434
0.019248384099441792,0.018449948100453528,0.185785293579,0.1813928896404982
0.017454104682058748,0.0196845568738801,0.175914496183,0.18818479336951266
0.02170567020925988,0.020129795829471275,0.199303463101,0.19063416857878582
0.02010644295062525,0.02039723360197676,0.190505698323,0.1921054132705905
0.017217127550398923,0.01938210500417603,0.174610823393,0.18652092702909365
0.019866272283422456,0.018804701208991137,0.189184457064,0.18334447868847556
0.018108646744771834,0.019228277804171745,0.17951530218099998,0.18567468362323056
0.022061414901203575,0.01768981371331163,0.201260507107,0.17721119282309078
0.023809570889058274,0.019703986454843392,0.21087756752999998,0.18829168054400722
0.02148621824726521,0.02181031671011907,0.198096200824,0.19987915069913784
0.015769992760989015,0.021099793287264856,0.166649758816,0.19597037668982803
0.017190652896805356,0.019209230429242274,0.174465179443,0.18556989906346077
0.016269078171842973,0.01705951068601491,0.16939535737,0.17374373205847612
0.015761463122704118,0.015976613019577257,0.166602835059,0.1677864305576891
0.015382093310420036,0.0164611568717275,0.164515823126,0.1704520322180081
0.01793547531577213,0.01740724581421027,0.178562641144,0.17565671337266556
0.022131071355986843,0.017886948941905123,0.20164370536799997,0.17829568494968417
0.02478168148569341,0.02042593120544467,0.21622540056699996,0.19226328624557876
0.020305124742655452,0.02314124936432116,0.191598698497,0.2072009571302177
0.021003420138363874,0.022456839252970207,0.195440202951,0.20343583923415876
0.02250554928940634,0.02090563021093872,0.203703805804,0.19490223514529945
0.021767994263141667,0.019553591319805774,0.199646323919,0.18746431781949602
0.01828331065752243,0.019205720349820432,0.180476173759,0.18555058920431555
0.01953317758664706,0.019154205888256504,0.187352016568,0.18526719476299536
0.02128915353808017,0.018493021803237752,0.197012096643,0.1816298492740756
0.02243049172368177,0.018587939168304646,0.20329089462800004,0.18215201436768402
0.019714177105363707,0.01993903957844284,0.188347741961,0.18958476886563053
0.023174523207465596,0.02030221522525988,0.20738400518899996,0.19158269248564325
0.020070615219736822,0.020685345492539253,0.190308600664,0.19369039165888896
0.015421664439257281,0.01939242795257201,0.16473351419,0.18657771625108377
0.01922897368745008,0.017571264551980825,0.185678511858,0.17655902307649202
0.023596879795977674,0.01806369489807863,0.20970749854999998,0.1792680103896625
0.02118841225376319,0.019271563591167717,0.196457892656,0.18591280998717605
0.026377788343122984,0.0208242237009737,0.22500599920699998,0.19445439677698545
0.030651697784515933,0.024270873666833725,0.24851788580399997,0.21341531399998664
0.0305388161895616,0.02601487693426663,0.24789689481299998,0.2230095292286826
0.028236109118456965,0.027291653024444085,0.23522910475699998,0.23003340632614155
0.025470575047821103,0.02785089934607582,0.220015183091,0.23310996568574027
0.016305672459680516,0.024585812214773184,0.169596672058,0.21514787280258096
0.021866257103926662,0.019455593258558335,0.200186893344,0.1869252050155465
0.01888484923945801,0.01834434188922851,0.183785393834,0.18081192242621577
0.01673881501816169,0.01720075274704097,0.171979501843,0.17452074134402826
0.016780003230025865,0.01718950874138908,0.172206088901,0.17445888514669688
0.023489789362069833,0.018210390974534862,0.209118366241,0.18007502363155742
0.021154250362005786,0.019208847725829425,0.196269959211,0.1855677937125247
0.028114047801587903,0.02070967726005357,0.23455761373,0.19382424703564555
0.025698107007100606,0.024904094961200607,0.221266895533,0.21689882891019197
0.027667895445644002,0.024953065299921584,0.23210321366799996,0.21716822747055292
0.02954824321940253,0.024178304706812037,0.24244749546099997,0.21290606809286633
0.02841587347847689,0.025983711878614424,0.236218035221,0.2228380821579546
0.02243654562690516,0.024644932419082055,0.203324198723,0.2154731084114217
0.017217877855252747,0.02282056297896906,0.174614951015,0.20543677798019266
0.019639108704848345,0.019091675162589306,0.18793477118,0.1849231969897912
0.020517076365491233,0.017213989326056667,0.192764699459,0.17459355920529016
0.021744285173490807,0.017238522192942196,0.19951589405500003,0.17472852088195212
0.020052970868100137,0.019461248739122694,0.1902115345,0.18695631728395185
0.021643291981787716,0.02047065938266507,0.19896030426,0.1925093475730162
0.019477151217418016,0.02004028454302681,0.18704380095,0.1901417437286823
0.013789380430799653,0.01907486978032691,0.15575389564,0.18483074621436163
0.009992282912118063,0.016853162435811142,0.13486507535,0.17260855670560316
0.013979175038630344,0.014762312900402252,0.156798005104,0.16110625001379317
0.020807666431229277,0.014369639010256008,0.194363310933,0.15894604889083436
0.024767593633000587,0.018087905650316427,0.21614789962799996,0.1794012000299319
0.0275069835092532,0.02371194545634947,0.231217995286,0.2103405046524851
0.02168884387951043,0.027989802915612594,0.199210897088,0.23387411032185185
0.052265717044813115,0.024809301580444643,0.367422223091,0.21637734588650065
0.059246005660451066,0.04128233711266188,0.405822604895,0.30699979557874557
0.05914239317366289,0.056986998466022454,0.405252605677,0.3933952192178945
0.05253374108451156,0.06808698743430452,0.368896692991,0.4544591433437974
0.03411038888209581,0.06991001553389664,0.267545044422,0.4644880947122158
0.02373487086906653,0.052731006334151065,0.21046662330599997,0.36998190039715906
0.031025509382392093,0.03812589786662135,0.250574320555,0.28963540294925705
0.03215701234514463,0.03154528384095023,0.256799012423,0.25343373493736304
0.027888132925335336,0.028543458553205336,0.233314797282,0.23691991387557143
0.019497999939388465,0.02655581305296112,0.187158495188,0.22598535940322678
0.016421452343992126,0.02358196090101955,0.170233607292,0.2096254258315164
0.017978039537704358,0.018179678291953383,0.178796797991,0.17990606518266006
0.025068652752940467,0.015994322154293472,0.21780410409,0.16788385311024626
0.026496878236478633,0.01900083300971317,0.22566114366099999,0.184423450697564
0.024593596055975112,0.023563637036877638,0.21519069373599997,0.20952462149262446
0.02191775455769201,0.025019725304700424,0.200470194221,0.21753494148132163
0.0217143298643071,0.022697900647994318,0.199351102114,0.2047619806183979
0.02281787652468774,0.019308556768075857,0.20542199909699999,0.18611631906762194
0.025509661322633673,0.018905685445948395,0.220230206847,0.18390001922109145
0.031709874028874305,0.020681311779289835,0.254339188337,0.19366820115396938
0.02741951205592358,0.025751155229615463,0.23073679208799996,0.22155872759192524
0.02341137032254488,0.026296891919060872,0.208686962724,0.22456096695380579
0.018257781333744394,0.024229371813438094,0.180335730314,0.2131870015184088
0.016985565073123442,0.02003250771723386,0.17333693802399996,0.19009896138885135
0.01980157542453718,0.01648574646984957,0.188828542829,0.17058730598794636
0.018223056036319893,0.016729543932268498,0.180144697428,0.17192849919000958
0.016205481037769375,0.017442635813615326,0.169045493007,0.1758514029570121
0.02070134255427055,0.018029155818059306,0.19377839565299998,0.179078001934005
0.021168164859136702,0.019314441415019923,0.196346506476,0.18614869203984083
0.017823855966218816,0.019534118901550268,0.177948594093,0.18735719498592385
0.015328732283727924,0.01950826017884366,0.16422227025,0.18721493943180928
0.0229889839383127,0.018328610830262937,0.206363305449,0.1807253817824513
0.025165721064994297,0.019041735082196254,0.218338102102,0.18464846362846296
0.02048751923236947,0.021530440629035752,0.192602097988,0.198339479639215
0.018514098451892037,0.0222841215020691,0.181745797396,0.20248567399828699
0.018043589631319704,0.021071815492714252,0.179157406092,0.19581646357076726
0.0181341327295685,0.017434181687495776,0.179655507207,0.17580489461205878
0.017396645420337243,0.016740396581481798,0.175598397851,0.17198820243386143
0.016390614004540022,0.0175184717234953,0.170063957572,0.1762685960064973
0.01637824345591635,0.017550467369126688,0.169995903969,0.1764446123685655
0.017655633298326322,0.01737182130313286,0.177023157477,0.17546183393064005
0.01700359134872679,0.017729300540850423,0.173436105251,0.1774284201237387
0.019366433858880643,0.01800627188083187,0.186434715986,0.17895211144793777
0.016431230684416792,0.019204386527428674,0.17028740048400004,0.18554325150068712
0.01792905844914785,0.018481575934061634,0.178527340293,0.1815668825730345
0.008941073396608028,0.018369477039086424,0.129082098603,0.18095019741803808
0.0065421322874320955,0.015574745041553872,0.115884900093,0.16557565036783745
0.005972646888480786,0.012991516021422123,0.112752012908,0.15136463616449908
0.014024309799361794,0.011964912266435479,0.157046303153,0.14571702210100748
0.01742291421399654,0.014463978775330621,0.175742909312,0.15946503645677096
0.01798298017285481,0.01975975618662268,0.178823977709,0.18859848433269777
0.02294566670305617,0.022511593952196318,0.20612500608,0.20373705906497427
0.03930959477681839,0.024817434306664332,0.29614722728700005,0.2164220861270752
0.033983611750758105,0.032419819043768006,0.266847610474,0.2582447803737947
0.03558190180553396,0.03510737466914926,0.27564021945,0.27302972234638334
0.03362673753864618,0.03799803897653975,0.264884352684,0.2889320179652652
0.04496493181053929,0.03595177256261628,0.327258706093,0.2776749746115955
0.038815986320077676,0.039773501963571434,0.293431758881,0.2986993012876405
0.03296282343770891,0.040947132091007976,0.261231988668,0.3051557456371298
0.023173344931011503,0.038215498599440734,0.207377523184,0.29012831986711546
0.01832651141945968,0.030885402492843494,0.180713832378,0.24980355614276872
0.01898632186788127,0.022187565744985593,0.184343621135,0.20195449568438828
0.02282625718546277,0.017768156195841378,0.20546810328999998,0.1776421751801635
0.019631516270422224,0.017769278238545294,0.187893003225,0.177648347828689
0.02208029712018924,0.01888707792757599,0.201364383101,0.18379765442655782
0.021704876565606466,0.02082916635878873,0.199299097061,0.19448158762218898
0.02560033172899254,0.020384427838403274,0.220729008317,0.19203496543704218
0.02518418885582273,0.021253222966353125,0.218439698219,0.19681443322981915
0.024757663606413814,0.022830935882402703,0.21609327197099998,0.20549384201782794
0.01820951533719888,0.02233373500291891,0.180070206523,0.2027586107606721
0.018310202447925483,0.02002558415070166,0.180624112487,0.19006087304997002
0.017034345719231965,0.01763513674311762,0.173605293036,0.1769104005998821
0.021181797653524955,0.01641102589253307,0.196421504021,0.17017624867276016
0.0329924889181932,0.017872747398488154,0.26139518618600005,0.17821755856846322
0.028504748028942414,0.026258796946176166,0.236706957221,0.2243513966073435
0.018511804198530973,0.0283763554475443,0.181733176112,0.23600063626237328
0.019515557613244198,0.02529070196695893,0.187255084515,0.21902565452539097
0.01654116794256201,0.02100289352193402,0.170892193913,0.19543730589715536
0.019761614245412975,0.0160044489340756,0.18860870599699997,0.1679395631577087
0.02014658019396362,0.016844121418117586,0.19072650373,0.1725588197175721
0.02060465616618338,0.019205832860683114,0.193246498704,0.18555120815581194
0.016977577171105856,0.01975599022232788,0.173292994499,0.18857776678436367
0.023560315303678463,0.019251395444674746,0.209506347775,0.18580185977175456
0.06797729437934706,0.020122117204144863,0.45385569334,0.1905919264652429
0.06780955114817475,0.05270927087262772,0.45293289423,0.36986232797442103
0.06502402429895075,0.0726901612005883,0.43760898709299995,0.4797823985655728
0.06003783995633732,0.08462139812061653,0.410178691149,0.5454192337097014
0.04000050359803496,0.08265832364606757,0.299948096275,0.5346198508355482
0.03534026574146635,0.06135661354464289,0.274310916662,0.41743360739852486
0.0334071663944982,0.049075610900279676,0.263676434755,0.3498726201031048
0.04055682886759667,0.03944080554120427,0.303008586168,0.296869051802669
0.03790092868278179,0.03781377442954548,0.288397789001,0.2879183308031514
0.03581431751753951,0.03766228884105938,0.276918798685,0.2870849692108187
0.03357404284767919,0.03765547939457131,0.264594465494,0.2870475086759592
0.05083894070604447,0.03582207963649131,0.359573155642,0.27696150011867565
0.04891651898168291,0.04428258048344014,0.348997414112,0.32350491410417426
0.042730242441972974,0.04994475832453016,0.314965099096,0.35465402596939094
0.03147388827466364,0.050818243673422414,0.25304096937200005,0.35945929588652853
0.02363299464727682,0.0438612067700207,0.20990617573299997,0.3211868277945014
0.026147368929458775,0.031950891356216315,0.223738402128,0.255665087293467
0.024910452206720207,0.026065189080636098,0.21693380177,0.22328630942164457
0.024076370604669002,0.02210671744187165,0.21234530210499997,0.20150972815703622
0.02446675391625625,0.020412604023812286,0.21449290216,0.19218996995577547
0.02407591554618266,0.02102360128814834,0.21234279871,0.19555122470090747
0.023412285856822077,0.020124011623902593,0.20869199931599997,0.19060234816067695
0.022275817880867046,0.020223098713147925,0.20243999362,0.1911474519906738
0.020598602262959984,0.01986583242993123,0.193213194609,0.18918203731562985
0.018422255186383574,0.018927595372926653,0.181240543723,0.18402055142363938
0.018944803196988564,0.01788376538930464,0.184115216136,0.17827817139944535
0.021999513401617557,0.01757633185683055,0.20091997087000002,0.1765868996374283
0.020858126459911863,0.018868280764870293,0.194640904665,0.18369424634925946
0.021215244453271363,0.019727760077691725,0.196605503559,0.18842246542189822
0.017061448786692014,0.020581153399320207,0.173754394054,0.19311720387527698
0.018018176780860953,0.018750538659476623,0.179017603397,0.18304651642711922
0.021848864659676084,0.01748983104431867,0.20009121298799998,0.1761110361868296
0.016303085668786008,0.018871411929566317,0.16958244144900003,0.18371147170002064
0.020513186698866585,0.017972354731765283,0.192743301392,0.1787655243960869
0.022537481936365615,0.01986103816156687,0.203879475594,0.18915566279935986
0.023568213819262846,0.02042207313725347,0.20954979956199998,0.1922420620097734
0.022759344625040635,0.02107872547416506,0.205099999905,0.1958544771745852
0.01970267333491314,0.02261954801541627,0.18828445673,0.20433094242327154
0.021935509965161703,0.01991384121692713,0.200567871332,0.1894461461300504
0.02089109653177213,0.019285713162041362,0.194822281599,0.18599065045392887
0.019135012232976496,0.018762851042741502,0.185161605477,0.1831142500473637
0.0184050252630859,0.018571165612055796,0.181145757437,0.1820597386754263
0.020188648727080385,0.01850419519170793,0.190957933664,0.18169131698793747
0.022113402626298108,0.018212872247506062,0.201546505094,0.1800886737590379
0.019553460194116384,0.01960474386407146,0.18746359646300004,0.18774572125969874
0.024400567282454117,0.01982989879411401,0.214128792286,0.1889843570460926
0.022590201005384655,0.021571377711032458,0.204169496894,0.19856468516654713
0.03152960043677767,0.020976064626620272,0.25334745645500006,0.19528971317138763
0.03415742242859685,0.025287604902091143,0.267803788185,0.21900861676664723
0.04032417479164805,0.030369604698484487,0.301728695631,0.24696601842367305
0.05198208558196666,0.03667200907788071,0.3658618927,0.2816371828666204
0.04723663260375263,0.04938452495459511,0.339755922556,0.3515720366005486
0.038787751023433605,0.05208535341315268,0.29327642917600005,0.36642999587795894
0.03263712073309343,0.04909677196386686,0.259440213442,0.34998903261351394
0.017242079924885047,0.0416303887551277,0.17474809289,0.3089145181201967
0.019250513123197695,0.028175106147346307,0.185797005892,0.2348935115586644
0.02394554670305825,0.021194726785771167,0.21162560582199996,0.19649263053767965
0.022667057135836607,0.01911466223932956,0.204592302442,0.18504965487312375
0.023288233659097966,0.01935373941434393,0.208009555936,0.18636488054740402
0.021993356568517922,0.022601544167905052,0.200886100531,0.20423189857903523
0.0258153658315383,0.021076783020880507,0.221911966801,0.1958437912342365
0.024957786416893227,0.02092043781201558,0.21719419956199998,0.19498369560721773
0.02430021063093782,0.021704760230240594,0.213576704264,0.19929845706991756
0.022262640145146916,0.021709558065715284,0.202367499471,0.19932485120978854
0.021024954156806983,0.020912721301910908,0.19555866718299997,0.1949412450796636
0.02127537447501608,0.018907739569601567,0.196936294436,0.18391131948916029
0.02114950475199882,0.018619562451825167,0.196243852377,0.182325982269006
0.02303566806503766,0.018677964277038994,0.20662012696299997,0.1826472658877431
0.026682718169121745,0.01994731716720277,0.226683497429,0.18963030603268774
0.027413133110794387,0.02232184735068682,0.230701699853,0.20269321369622367
0.022998599757966233,0.02393676835500036,0.206416204572,0.2115773138479008
0.024318052716188462,0.02290773023662601,0.213674858212,0.20591630771873898
0.0239334388964297,0.021628042403680436,0.211558997631,0.19887641236757056
0.025651376832923792,0.019963309854338807,0.22100982069999997,0.1897182859610133
0.021868722004197386,0.020566559596208622,0.200200453401,0.19303691957153032
0.022316009297795786,0.02065428547711229,0.20266109705,0.19351952244173917
0.018938600316255313,0.019835598214241856,0.184081092477,0.1890157110374563
0.020343504051595553,0.01841390119245495,0.19180983305,0.18119458623125262
0.020833767286631173,0.01792203334977066,0.19450689852200004,0.17848869339555068
0.019304916992095307,0.018771116244471142,0.186096295714,0.183159719070148
0.0443547796211901,0.01856123696072004,0.323902100325,0.18200511858403962
0.039986998111938545,0.03383447797507955,0.299873799086,0.2660271868151417
0.033606552443748605,0.04003779958271514,0.264773309231,0.3001532711796976
0.029742322961267564,0.04098586783169683,0.24351517856099997,0.3053688410138139
0.012179432210577086,0.03727789383554975,0.146897152066,0.2849703123838715
0.015928274567503946,0.02249700617267214,0.16752050816999997,0.20365680789854743
0.01623187713953874,0.01741843546531996,0.169190704823,0.1757182705515339
0.019133121573345437,0.015071112396295494,0.185151204467,0.16280503629558352
0.0203761815857406,0.016826880663128985,0.19198960065800003,0.17246397384362522
0.02153035621306123,0.02131564409681208,0.198339015245,0.19715782809129967
0.025352406106410718,0.021206490220304297,0.219365105033,0.19655734424828275
0.024517024337099853,0.023028808642370224,0.21476945280999998,0.2065823914961893
0.03837882678668002,0.022737592583337796,0.29102683067300006,0.20498033627038548
0.03536683249014537,0.03105430796060954,0.274457067251,0.25073274901832815
0.034472371667615596,0.03433086821299525,0.26953640580200006,0.2687579585223513
0.023124856822436424,0.0356423193177251,0.20711077749699996,0.2759725918866626
0.02108367295545904,0.030104505199164522,0.195881694555,0.24550763718036317
0.02119853730549345,0.022901907624148732,0.196513593197,0.2058842760142442
0.019586270453857774,0.0192804957432971,0.187644094229,0.18596194807744515
0.0222966503507422,0.01726585324548391,0.202554598451,0.17487887610513814
0.0194895055139464,0.019136962823727843,0.187111765146,0.1851723361836684
0.021359097113274154,0.019054403851151647,0.197396874428,0.18471815781901318
0.021929754016958042,0.019526188870560124,0.200536206365,0.18731356982448616
0.028593070008349843,0.020101454444174938,0.237192839384,0.19047825525253803
0.02641851066171002,0.02289649257316939,0.22523002326499997,0.20585448641147208
0.02358017806550427,0.024635343454526448,0.20961561799,0.21542035702529488
0.018718931659535587,0.023333014088724124,0.182872638106,0.2082559047175016
0.025264214143765604,0.020306400135411296,0.21887993812599998,0.19160571476401578
0.023506772795467683,0.01949003898741214,0.209211796522,0.18711469992218116
0.03985221411783571,0.01992801971292646,0.299132317305,0.18952414572143705
0.053204188525392396,0.03120194705363577,0.372584998608,0.2515449500394582
0.05280104461507629,0.04825043806938306,0.370367199183,0.345333129903555
0.04749002434565692,0.057013130651248356,0.341149896383,0.39353897916039876
0.031607388353602106,0.05937032552573529,0.253775388002,0.4065065207838131
0.03383989994212665,0.04707911673515375,0.266057014465,0.3388893868255382
0.03243902943361641,0.03921780756148979,0.258350461721,0.29564228196060655
0.028182241568522153,0.03349674701098526,0.23493276536499996,0.26416924100768624
0.02119243735463644,0.028708678368133456,0.196480035782,0.23782883101699342
0.022027727028680066,0.02365624170143721,0.201075181365,0.21003406381968703
0.026067842039165387,0.02026880556169519,0.223300904036,0.19139889724343034
0.023791834442154356,0.020043265983633873,0.210779994726,0.19015814540831782
0.02337357879750569,0.020374723112204618,0.20847906172299996,0.19198157721603126
0.024294392382823472,0.021776214886316814,0.213544696569,0.19969154770357034
0.02299422794596916,0.021176986981878698,0.206392154098,0.1963950392660132
0.020304233586430298,0.01974501795855521,0.191593796015,0.18851740550973373
0.020144917063484844,0.01933560651407168,0.190717354417,0.18626512675038936
0.023018010169957935,0.01861135144179965,0.20652298629299998,0.18228081136887017
0.02380928647748158,0.01905354633030365,0.21087600290799996,0.18471344037396453
0.020562048605269778,0.02044798506123291,0.193012103438,0.19238461023791648
0.021629540005609706,0.02058160310946283,0.198884651065,0.19311967784764816
0.024402931961500837,0.02022579972077143,0.21414180099999996,0.19116231093558417
0.023112505234560297,0.02018393941595903,0.20704282820199998,0.1909320265196036
0.04520271071199105,0.020444413065306144,0.328566789627,0.19236495975998597
0.06719329359048228,0.035546303675101754,0.449542701244,0.2754443848827813
0.058503447699307036,0.0605372006429174,0.401737600565,0.41292580406631174
0.056724131038928455,0.0701014945648184,0.391949117184,0.46554147062540985
0.04501349305345227,0.07406345955099514,0.327525854111,0.48733726970203034
0.035444382043026745,0.0624619825035872,0.27488368749600006,0.4235145293195266
0.03763358181359926,0.04867236946136688,0.28692704439200006,0.3476542841479474
0.03883239551283587,0.0423900004514855,0.293522030115,0.31309333947975704
0.0427353726849624,0.03894955318669052,0.314993321896,0.2941665449273544
0.041155675020291015,0.04099342177310572,0.30630299449,0.30541039720872204
0.036910141726913474,0.04301512638327376,0.282947212458,0.3165323196964879
0.026125680516383067,0.04106419765317165,0.223619088531,0.3057997537191329
0.02270434755475582,0.03363918321008286,0.204797446728,0.26495281955711825
0.021288129656622214,0.026352908300565803,0.197006464005,0.22486912762673966
0.024903306704823675,0.020924097119291996,0.216894492507,0.19500382640757427
0.0258846105666348,0.019654841938219814,0.22229290008499997,0.1880213237857364
0.024802248504739423,0.02091924190280714,0.21633854508399997,0.19497711659985345
0.02417940072486077,0.02227083097143351,0.212912097573,0.2024125593351424
0.026181907328060097,0.022160075098952958,0.22392840683499998,0.20180326249593145
0.02386187282108605,0.021215606967471545,0.21116529405099999,0.19660749784383016
0.022507876046957986,0.020649429699329647,0.203716605902,0.19349280954617337
0.02091745471204641,0.020299339207865752,0.194967284799,0.19156687076650086
0.025686700749040003,0.01925779323703991,0.22120414674299999,0.1858370556902979
0.026245000647361478,0.020023298064852257,0.224275499582,0.19004829669757434
0.023834279482115042,0.02186570843335406,0.21101349592199997,0.20018387496458437
0.01965387101940483,0.022288420023690303,0.188015982509,0.20250932128288168
0.020495680489948973,0.020650419890085092,0.192646995187,0.19349825684286287
0.020505824502245,0.01832447012189964,0.192702800035,0.18070260266960292
0.028384474442009932,0.017794150926667918,0.23604530096099996,0.17778517895029344
0.030825253846498098,0.02199749492423314,0.24947266280699998,0.20090886670131983
0.02823590867600898,0.02679946915769671,0.23522800207099998,0.2273257749599361
0.01897970455880901,0.027630688579132423,0.184307217598,0.23189852902550911
0.021775497311134585,0.023620981390521822,0.199687600136,0.20984008768542728
0.02107473159766916,0.019847047588984146,0.195832505822,0.18907869702352798
0.019800367352544753,0.017958269307836616,0.188821896911,0.17868803681834972
0.019759674829496046,0.017926728380682933,0.188598036766,0.17851452198080558
0.01789943901629718,0.01934557439294149,0.178364396095,0.18631996264263587
0.019897890723084934,0.017799062603224114,0.189358398318,0.1778121993595403
0.017636409785339563,0.01834957704527529,0.17691740393600003,0.18084072238021043
0.018597989028225743,0.018080276030413067,0.182207301259,0.17935922750795738
0.016858538742870105,0.0182995497987124,0.172638133168,0.180565509495128
0.018132921948923825,0.018005067553514387,0.179648846388,0.17894548613036781
0.019895509792124694,0.01779259455603477,0.189345300198,0.17777661695095037
0.022582221229505595,0.019067784640914853,0.204125598073,0.18479176902107652
0.02221752434516301,0.020548381314950348,0.20211930573,0.19293691612191732
0.020937106196633446,0.021696241323646892,0.195075392723,0.19925159235073991
0.020259627018523116,0.020928191821418696,0.191348403692,0.19502635242815838
0.020744416008279507,0.019632718889048995,0.194015353918,0.18789961914261824
0.031798621271411545,0.018738435472380577,0.254827409983,0.18297993364936815
0.02962739902033827,0.02430637721039547,0.24288295209399996,0.21361062822024846
0.02672312628059376,0.027212486231653343,0.22690579295199997,0.22959788922409052
0.03022362858659979,0.027552456661398772,0.246162965894,0.2314681549141147
0.028442635252299397,0.02792576973179517,0.236365258694,0.2335218471358847
0.026091039187905493,0.024954477120440965,0.22342851757999999,0.21717599426215256
0.024626934508540775,0.023855619463654276,0.215374097228,0.21113089270656288
0.02490588807841368,0.022498534719492425,0.21690869331399998,0.20366521683186467
0.021041468988275445,0.020774605117211742,0.195649519563,0.19418143205217964
0.020227743128031488,0.01924389996429171,0.191173002124,0.18576062518614328
0.020219587287756483,0.0185330913542876,0.19112813472699997,0.1818502822882037
0.0160628797885586,0.018090867595620952,0.168261006474,0.17941749446084146
0.01952704784025172,0.016752460131933433,0.18731829524,0.1720545671601303
0.01800619086503796,0.017966913193053102,0.178951665759,0.17873558907741238
0.01947912584635956,0.017843681039317716,0.18705466389700004,0.17805765697251824
0.022646135279528242,0.018694779747836288,0.204477205873,0.1827397721628251
0.02153013410121345,0.02106359832833682,0.19833779335,0.19577125881394208
0.02241530685482952,0.020556865158183668,0.203207358718,0.19298358794843679
0.026659483098704764,0.02142054848018049,0.22655567526799997,0.19773493436814266
0.026086036253026135,0.02264919280087896,0.223400995135,0.20449402609257922
0.029587256359695405,0.022702439437559285,0.242662116885,0.2047869496793952
0.0325347054835069,0.025441548947440495,0.258876800537,0.21985550296912088
0.03130935212229555,0.028207232479267708,0.252135813236,0.2350702468599784
0.02692411857789854,0.028769190743748063,0.228011503816,0.2381617253220028
0.017797646763636175,0.02728041219992472,0.177804410458,0.22997156762904697
0.015196876374520685,0.021685137196832405,0.163496896625,0.19919050566324664
0.019304383381966536,0.0170770348225171,0.186093360186,0.17384013688777816
0.019271486444444187,0.016094462733266812,0.185912385583,0.16843475246103168
0.017089136929582506,0.017071318547142833,0.17390671372399996,0.17380869017132333
0.017925469446013406,0.018775928096887717,0.178507596254,0.18318619032085914
0.019753507161605625,0.01910412541613271,0.188564106822,0.18499168907026942
0.03168519252270362,0.018499243577475455,0.254203408957,0.18166407687115388
0.03145769577626695,0.025000742740492687,0.25295189023,0.21743051346217596
0.02663986682696057,0.029556497661110903,0.226447761059,0.2424929052901108
0.02383874338937935,0.029117981546306848,0.21103805303599998,0.24008051417522802
0.028932914739430306,0.025720237682279323,0.239062413573,0.22138864212876957
0.026084183514890155,0.023287913060133447,0.22339080274099998,0.2080077922377747
0.02882593807018949,0.02225246657465413,0.23847390711299998,0.20231153201567764
0.023594406769750196,0.024129018947241565,0.20969389378999997,0.21263493432043662
0.025574580293548498,0.02293663045408717,0.22058734297799998,0.20607529532596214
0.02146073226246854,0.021470304938968343,0.197955995798,0.1980086575792987
0.026188313359893595,0.020007857093118864,0.223963648081,0.18996335189906577
0.01864562119341849,0.020468195577038106,0.182469338179,0.192495793537936
0.02082622360849092,0.0194651129419533,0.194465398788,0.18697757526800296
0.014988524589428353,0.01884572368000853,0.162350699306,0.1835701539630025
0.015195641215642184,0.01725129816832177,0.163490101695,0.174798804842904
0.013094449217543866,0.015559799333993096,0.151930898428,0.1654934301462582
0.017709124341780753,0.015621811957648557,0.177317425609,0.16583457770564458
0.02199915043821667,0.016597871120487107,0.200917974114,0.17120413283153496
0.018777076217911536,0.020567244256559536,0.183192506433,0.19304068606605926
0.013101992895684119,0.02090245626436288,0.151972398162,0.19488477444029867
0.01471302187978904,0.019057144049058672,0.160835087299,0.18473323235985845
0.014141300464318083,0.01650366259262348,0.157689899206,0.17068586723560364
0.018005321378212598,0.015019303231324443,0.178946882486,0.16252002061422938
0.019357105159637827,0.017442199558035665,0.186383396387,0.17584900300168854
0.01752310834474171,0.020162954312807957,0.176294103265,0.19081658201328444
0.011114118590278943,0.019760327567811542,0.141036584973,0.18860162764911578
0.020359385051529476,0.017317008442635395,0.191897198558,0.1751602941395551
0.022208889068349617,0.01810262211198288,0.202071800828,0.17948215911026702
0.03032344350184878,0.01989048001793753,0.246712073684,0.1893176301029924
0.030989787290032163,0.026497334325284005,0.250377804041,0.2256636527240527
0.02948100561707459,0.03118271609499529,0.24207760393599997,0.25143915553798196
0.02291470918145075,0.0289134636880663,0.20595470070799998,0.2389554082842511
0.014715104855911328,0.025226721296001897,0.160846546292,0.21867368022631656
0.00965073442022972,0.018814585597434985,0.13298612833,0.18339885527819028
0.015890057779516745,0.014265032226209062,0.16731026768700002,0.1583705797852028
0.018112002801267707,0.014061282913536588,0.17953376472,0.15724970186313558
0.01907157220236952,0.016593324834382417,0.184812605381,0.17117912253012432
0.022933705165285225,0.020324915319626435,0.206059202552,0.19170757160435328
0.021715800678294643,0.02361715708374501,0.199359193444,0.20981904917993682
0.022193950689578974,0.021812897586972024,0.201989620924,0.1998933487734582
0.019927301587530862,0.021425610906170123,0.18952019512700002,0.19776278408920156
0.03269743223653859,0.019994242729023504,0.259772002697,0.18988845574389687
0.029917168355536834,0.02470945056546997,0.244477048516,0.2158280395025276
0.029243809082219234,0.027369044471779458,0.24077272415199996,0.23045915679144247
0.02696799651035169,0.028812162305857425,0.228252887726,0.23839812305318214
0.016740559409116916,0.027691336600659533,0.171989098191,0.23223216955393666
0.023778927574567874,0.020124586956204338,0.21070899069299998,0.19060551321319377
0.02348928554729762,0.019629788664377645,0.209115594625,0.18788349921515574
0.021433266231607604,0.019280144764283746,0.197804898024,0.18596001725067565
0.02953088327916076,0.01988102982442025,0.242351993918,0.18926564213241306
0.03515888700725352,0.025282084178259945,0.27331310510600004,0.21897824583005338
0.03257562282705564,0.028805081000992716,0.259101897478,0.23835916695473858
0.029076120024455518,0.03164856652417236,0.239850223064,0.2540019198202325
0.022327989796314274,0.03117298484727793,0.20272700488599998,0.25138562141520393
0.015402213396936457,0.024937824400190156,0.164626508951,0.21708438332012447
0.01300847024760159,0.018702832674146408,0.151457905769,0.18278407340335767
0.016666712624037017,0.014922572008420898,0.17158284783399996,0.16198787701725226
0.025868615802215632,0.014748160648992648,0.222204908729,0.16102839480071537
0.02821065022054637,0.020342884193191912,0.23508904874299996,0.19180642304782458
0.026945750108731608,0.026352376891745022,0.22813050448899996,0.224866204208707
0.026404512195450414,0.028418983640321027,0.225153014064,0.23623514502961446
0.028391327406191248,0.02639914432405399,0.236083000898,0.22512348400837517
0.027864575521846582,0.023536179059686024,0.23318520188299996,0.20937356802395252
0.021753676172462526,0.02339775651487086,0.199567556381,0.20861206962984952
0.022213252754389932,0.021645895296099893,0.202095806599,0.1989746257686149
0.01903194419128965,0.02017766459123188,0.184594601393,0.1908975070779954
0.019669421560128436,0.017808732448738762,0.18810153007499997,0.17786539569284324
0.02400775157478673,0.017385711776364554,0.211967810988,0.17553824903392679
0.026086475059417195,0.019939613173917847,0.223403409123,0.1895879243634121
0.029943502157577285,0.022054813361904957,0.24462191760499996,0.20122419032362326
0.02943085166955027,0.02624439364458564,0.241801694036,0.22427216030197422
0.024465862760031088,0.027349527515564964,0.21448799967799997,0.2303517889429828
0.02214614516882431,0.024430183367964098,0.20172663033,0.21429171806940894
0.016998241702723606,0.021585290522103506,0.173406675458,0.19864122315609362
0.01579595818232408,0.017745156990825406,0.166792601347,0.17751565057603422
0.015529109710427478,0.015759407705314976,0.165324598551,0.1665915276737534
0.017580900774325774,0.015487767276122388,0.17661203444,0.16509716307527117
0.02714208347381037,0.016603348667896978,0.22921058535599997,0.17123426624341384
0.024583273270630895,0.02259074771949704,0.21513390541099997,0.2041725045104195
0.02242064295738967,0.024592548502909206,0.203236714005,0.21518493087433255
0.03818220901002456,0.024334846073418348,0.289945185184,0.21376724283460052
0.04082195461811962,0.031157039762648997,0.30446711182600006,0.2512979033606415
0.03869035225216946,0.03628688186790441,0.292740613222,0.2795184979926071
0.03282140317396803,0.040973374277486985,0.260453999043,0.30530011072511604
0.032705504107503114,0.03926123451451663,0.259816408157,0.2958811849155759
0.030283457944672527,0.034081782432757946,0.246492102742,0.26738767290957144
0.02510024410589864,0.030330836856587995,0.21797789633299997,0.24675274644990286
0.023168962284223646,0.025790998453128988,0.207353413105,0.22177791551945503
0.022750002382354785,0.022340968305399445,0.2050486058,0.20279840303750346
0.023608903633477528,0.019796073049927254,0.209773644805,0.18879827283624118
0.02295602740989547,0.019133005117956514,0.20618200302099998,0.1851505638156396
0.021327308026520237,0.0197385030668637,0.1972219944,0.18848156539736283
0.021619550387946274,0.01969568403395794,0.198829695582,0.1882460067689738
0.022882115616434415,0.019425868884521025,0.205775395036,0.1867616835088053
0.02243501793049321,0.01951525182200331,0.203315794468,0.18725340227791082
0.017469517080245054,0.019931684982333775,0.175999283791,0.18954430932102523
0.02240174177765646,0.01883526692860843,0.203132733703,0.18351262865591222
0.026820140419057212,0.019358115431972633,0.22743949294099997,0.18638895415767665
0.028023883918835278,0.021441171290434824,0.23406159877799998,0.19784838580707936
0.03030556620357352,0.02440975817555341,0.24661372601999998,0.21417935377758962
0.027438497204785497,0.02815288210411304,0.230841234326,0.234771251320961
0.024475172498526362,0.026045221510383132,0.21453921496899997,0.22317646262824775
0.02007923153580268,0.02325135434816472,0.190356001258,0.20780667326187502
0.0232898046943095,0.020118608972922447,0.208018198609,0.19057262677352305
0.026307760798982074,0.0189509419279123,0.224620759487,0.18414898689022574
0.02371795515288387,0.020378931939894207,0.21037356555499998,0.1920047310709973
0.021585196179879418,0.021390269189675792,0.198640704155,0.19756836012169532
0.018519507688971877,0.021495773710026034,0.18177555501499998,0.19814876790804686
0.020564629978859786,0.018615871720954136,0.193026304245,0.1823056785992887
0.02057741224717022,0.017679839057370472,0.193096622825,0.17715631964841347
0.019969256355980597,0.018281155070795974,0.189750999212,0.18046431531619547
0.01626670536683949,0.018978756053511903,0.16938230395300002,0.18430199962385058
0.019261263880323964,0.018313884284504645,0.185856148601,0.18064436722690616
0.017739185289674737,0.017971850106698384,0.177482798696,0.17876274832244526
0.01578285087228962,0.017627304772148245,0.166720494628,0.17686731489210378
0.014847375193639356,0.017327988036624664,0.161574199796,0.17522069573961163
0.020668927762120627,0.017225171797122574,0.193600073457,0.17465507688487164
0.02337354900196737,0.01829023114578654,0.20847889781,0.18051424516352854
0.023357838648943103,0.02117933810559741,0.20839247107499997,0.19640797340863086
0.020242865697154822,0.0232537963364855,0.191256195307,0.20782010727428374
0.01813600442845202,0.02226122803807168,0.179665803909,0.2023597311029821
0.0185815202443909,0.018766771848631736,0.182116702199,0.1831358194195566
0.022030711995818297,0.017373565928113066,0.20109160244500002,0.17547143156607228
0.01907333555407229,0.018570608383107257,0.184822306037,0.1820566732141604
0.020881919518691432,0.01916223941341927,0.194771796465,0.18531138927277407
0.016930752193191328,0.020186471107322468,0.173035398126,0.19094595401176317
0.018716325907893537,0.01850008623769739,0.18285830318899998,0.18166871256403638
0.012722761226119117,0.017733098846100637,0.149886146188,0.17744931558807375
0.013234599109745181,0.016344113358042145,0.152701899409,0.16980814543041448
0.017816496478431258,0.015283852926982977,0.177908107638,0.1639753772447075
0.016309185619643014,0.01718274165455974,0.169615998864,0.17442165764332898
0.017371167561679106,0.017483875791781844,0.175458237529,0.17607827479489502
0.014206135465922438,0.01963964610872626,0.1580465734,0.1879377275784
0.018996316902849208,0.018084401702033293,0.18439860642,0.17938192389977414
0.01694691218721566,0.01811889583914922,0.173124298453,0.17957168511283966
0.01635435830186955,0.018344722911993405,0.169864505529,0.18081401853147067
0.025556172093614955,0.01814826066619324,0.220486074686,0.179733228658127
0.037850921004115086,0.0223378788127373,0.288122683764,0.20278140693543095
0.03667722761744022,0.030524118212858053,0.281665891409,0.24781603742324998
0.036453642207209765,0.03683522986826554,0.280435889959,0.28253510285449684
0.05009936771203867,0.039688503300011224,0.355504572392,0.29823170154882317
0.048133222450038315,0.04716913425187341,0.344688296318,0.3393845965799514
0.04901971433147981,0.049930874602847564,0.349565118551,0.35457764800813046
0.04561198166005024,0.05419794806123446,0.330818295479,0.3780519280859888
0.02911195588148248,0.0536724443812745,0.240047365427,0.3751609957677089
0.020950722738744626,0.041885464763338265,0.19515030086,0.31031775753387686
0.018979647676566378,0.031101041297889098,0.184306904674,0.25098984125237844
0.017917278393077354,0.022432188748655657,0.17846253514300003,0.2033002304034266
0.01601303463066301,0.017177701589723537,0.167986795306,0.17439393093678657
0.01608105504185358,0.015583596806168831,0.168360993266,0.16562434622549754
0.023167039120402005,0.016528717369485302,0.207342833281,0.17082370007468606
0.04149267292695232,0.019667969508114502,0.308156907558,0.18809354195949293
0.040309526241758604,0.032719780432917234,0.30164811015100007,0.25989494593342266
0.04486797184566621,0.04083836569621252,0.326725304127,0.3045573934317163
0.03260510953449173,0.04818342496497746,0.259264111519,0.34496447339997127
0.023907858107895318,0.04232522828059382,0.211418271065,0.3127370109338367
0.022748667002252285,0.0317945563085591,0.20504125952699997,0.2548050475658926
0.028144566516802257,0.025307408957284117,0.23472550511399998,0.21911756402120258
0.03312734875528621,0.02307712659044686,0.262137085199,0.20684820108606383
0.031500828821352564,0.02584226080387536,0.253189176321,0.22205992303364597
0.03171385037346169,0.02937051176665284,0.254361063242,0.24146974854823228
0.02560990962696921,0.030852211658939477,0.22078169882299997,0.2496209647393915
0.029550272021752668,0.026729603119410028,0.24245865642999997,0.2269414237256145
0.030019082499003404,0.025725338773122997,0.245037704706,0.22141670455523932
0.030251338398890083,0.025667931368342334,0.246315404773,0.22110089150174816
0.027257099509825126,0.026374825487920583,0.229843318462,0.22498969977050576
0.03425996227745943,0.026051877505256005,0.268367886543,0.2232130789858911
0.02759485584747878,0.02860867196678657,0.23170140385599997,0.23727866981220297
0.03157794498514738,0.02688014264254379,0.25361341238,0.22776958076656806
0.026890384657741406,0.02821058796981457,0.227825924754,0.2350887062855458
0.031122100966559773,0.026443004272994286,0.251105695963,0.22536476898639712
0.029222773461243846,0.02649509216501511,0.240657001734,0.2256513180176914
0.028299459762630732,0.026553386268875823,0.23557761311499997,0.22597200903326892
0.023376571890600682,0.025569693120624404,0.20849552750599998,0.22056045736960167
0.022101877186265974,0.023306206037289556,0.201483100653,0.20810842665933044
0.024285995470134925,0.020268366564202223,0.21349850297,0.19139648220412908
0.0212625407419493,0.019557023141512586,0.196865692735,0.18748319716261225
0.0172565497017263,0.018800326326912475,0.174827694893,0.18332041132515886
0.015929233440762518,0.018238251190741184,0.167525783181,0.18022828992158846
0.018547382730685548,0.016873064243942304,0.181928902864,0.17271804172447677
0.02479812047398993,0.016557805750902377,0.21631583571399998,0.1709837228207332
0.02103737617036878,0.020354782119859027,0.195627003908,0.19187187663461033
0.018955491654385925,0.021808615104283724,0.184174016118,0.19986978972320185
0.032794598061164165,0.02119260582268334,0.260306537151,0.1964809625685097
0.034678724445714335,0.025742088098212768,0.270671606064,0.22150884694559347
0.0357540981091798,0.029574506644981513,0.276587516069,0.24259197739079508
0.04585628848414107,0.03525545364723093,0.332162290812,0.2738443432895265
0.04677500825872754,0.044189930912089836,0.337216407061,0.3229952247331849
0.047719205891972157,0.04716438940674561,0.342410683632,0.3393584939537505
0.04914973646348039,0.05138491521092048,0.350280404091,0.3625767032883708
0.04609731238607394,0.05419773673951256,0.333488225937,0.3780507655502756
0.04089001295080527,0.052269457016929755,0.304841518402,0.36744279764960686
0.026225806929913047,0.048449277925330714,0.224169909954,0.34642699962824464
0.026047973859853295,0.037833571595253634,0.22319160401799998,0.2880272401568602
0.024157842328365608,0.03021405075645678,0.212793499231,0.24611027576117062
0.031929369330032126,0.02411738330592833,0.255546689034,0.21257092363354874
0.03352949587084866,0.024927590876114458,0.264349400997,0.21702808604456097
0.031496987910832004,0.02861272016740818,0.253168046474,0.2373009400159221
0.028006334370936303,0.030299811495365647,0.23396505415399999,0.24658206787453907
0.02788935183211854,0.029090087549655086,0.23332150280499997,0.23992706205018732
0.026231882502718008,0.026009932788363,0.224203333259,0.222982330197117
0.02206465719303242,0.023589053729941245,0.201278343797,0.20966444532679246
0.0212216423591481,0.02076870146151205,0.196640700102,0.1941489545078558
0.02508310086038193,0.019186156368562746,0.217883586884,0.18544296265887178
0.025720721789244293,0.01952418965990277,0.22139130532699997,0.1873025716470788
0.021104887349482626,0.020951415523990935,0.19599840045,0.1951541120516901
0.021694190816861362,0.021117115914412177,0.19924031198,0.196065672963798
0.015021080232949607,0.02041464811279664,0.162529796362,0.19220121502052318
0.020035591967292595,0.016944743513780502,0.19011592865,0.1731123680168098
0.019987052393779403,0.01725257398440383,0.189848899841,0.1748058234387473
0.02183615552588534,0.018380472179422847,0.20002129673999997,0.18101068454259067
0.019542936966324177,0.019897656721307055,0.187405705452,0.1893571110134044
0.019686594601183487,0.020960018809071668,0.188196003437,0.19520144095885428
0.02584558117424664,0.01914409983707771,0.22207818925399997,0.1852115987489671
0.0265155762651116,0.02135115239322921,0.22576400637599997,0.19735316845825424
0.02481103546771493,0.02287124169426885,0.21638688445099996,0.20571557476410912
0.02012062289858531,0.023969087564546077,0.190583705902,0.21175511021915377
0.028920533356015837,0.021559658329306675,0.23899430036499997,0.19850021380188626
0.024136920472057243,0.022019637625180333,0.212678402662,0.2010306794539672
0.025528291634415,0.02150073907012734,0.220332697034,0.19817608364442735
0.021744176826310056,0.022783043989402563,0.199515298009,0.20523037626765805
0.0176122158418458,0.0219101488446945,0.176784306765,0.20042835321712776
0.022503135854255518,0.017748715595807707,0.20369052887,0.177535227386899
0.019833188446895154,0.018731905112824243,0.189002454281,0.18294400844425285
0.02028042427555544,0.01806756835964035,0.19146281480800004,0.17928931930839975
0.027355635927396024,0.019284095840779225,0.230385392904,0.1859817531493351
0.03278743088986784,0.023026695129344854,0.260267108679,0.2065707645117491
0.03367862504251672,0.02681377045871336,0.265169799328,0.2274044501336392
0.029301755906617676,0.03167476210271353,0.241091504693,0.25414602850583956
0.022378141035186348,0.031037936211330053,0.20300289988500003,0.25064268377063575
0.022924506482622953,0.025264593551979242,0.206008598208,0.21888202534918882
0.017802768880305294,0.021450281090035828,0.177832588553,0.19789850118225927
0.016738606449756947,0.017615192766603616,0.171978354454,0.1768006836017752
0.017416077501728744,0.016269623373997566,0.175705298781,0.16939835666874675
0.01627068442007912,0.016722715325641346,0.169404193759,0.17189093325024535
0.015204495895651109,0.016382657085330876,0.163538813591,0.17002018449148149
0.020801688370996062,0.01707322615671747,0.19433042407,0.17381918442736813
0.022611233917707804,0.019136996222789027,0.204285204411,0.18517251992058414
0.02239049533171473,0.020936264290398465,0.203070864081,0.1950707611779957
0.018425719590060202,0.02241702417278968,0.181259602308,0.20321680613041804
0.025153358642509158,0.021047756972328246,0.218270093203,0.1956841113974786
0.025217546269135926,0.020884187901699713,0.21862320601899998,0.19478427542946583
0.022638775791740687,0.021512130232642035,0.204436719418,0.1982387493899061
0.017971617253775576,0.021766649514354253,0.17876146733800002,0.19963892610642942
0.029424364377058546,0.020399655165648067,0.24176600575399998,0.19211873492169423
0.028509347370273545,0.021902272651435628,0.23673225939299997,0.20038502423104182
0.02549000712939439,0.024085079045175095,0.220122084022,0.21239320949948826
0.025290501898172443,0.025313878446593607,0.21902455389499997,0.2191531543632702
0.030378489328419456,0.025273961704197156,0.24701489508199997,0.2189335619892584
0.02597380745035388,0.02369377337750228,0.222783595324,0.21024053532394749
0.03008379290133171,0.023198596572583496,0.24539369344699996,0.20751643902701689
0.030123894931827253,0.025656295213802083,0.245614305139,0.2210368779914651
0.02454662751785523,0.0265351705451618,0.21493230760099996,0.22587179960297582
0.017875385924174748,0.023824958356457204,0.178232073784,0.21096221798725928
0.021529093967478426,0.02068833638183354,0.198332071304,0.19370684531820853
0.018871544195627817,0.018456699907627327,0.18371219933,0.18143003308650987
0.024575274534004297,0.016960261973096025,0.21508990228199998,0.17319773909464614
0.025236033020893674,0.02003276059543363,0.21872490644499998,0.1901003525375496
0.02099078684774508,0.022923583493605015,0.195370703936,0.20600352060553379
0.026567144144562623,0.021226828469587122,0.226047694683,0.19666923024335978
0.026810524599585463,0.023131855207591978,0.227386593819,0.20714927743257322
0.024223836645858286,0.022109649355920857,0.21315655112299997,0.2015258573782054
0.017567091915723355,0.02210929784233473,0.17653606831999996,0.2015239236106121
0.024573993327673953,0.020362093743804155,0.21508285403299998,0.19191209977817364
0.04636524433068693,0.019529883378738566,0.334962189198,0.1873338942741532
0.04292674103665688,0.03449653401388331,0.316046088934,0.2696693291484476
0.04106269681730983,0.04315715490704064,0.305791497231,0.3173136555179736
0.030088031987914213,0.0484071259603886,0.245417013764,0.34619511071409004
0.02261775642286058,0.04084789722293314,0.20432108640700003,0.30460982883738513
0.03629819097283692,0.02932529569540332,0.279580712318,0.2412210031889403
0.03345936810548375,0.030212142922076968,0.263963609934,0.24609978026841417
0.03638546469255257,0.030011169499980506,0.280060827732,0.24499417324184058
0.03711398626576013,0.034373254861937264,0.284068614244,0.2689911384941821
0.0345266915673845,0.03772274545714088,0.269835233688,0.287417556768145
0.03210351046708118,0.03495944239108556,0.256504684687,0.2722159084381654
0.017059176202912522,0.03336344130273561,0.17374189198,0.26343589166136105
0.014536052879250147,0.024783040305973336,0.159861534834,0.21623287579050798
0.01830889957201357,0.018514515892511407,0.180616945028,0.18174809384533713
0.017837878810712256,0.016071143392115905,0.178025737405,0.1683064667048229
0.02046518344431619,0.015940604000618586,0.192479223013,0.16758833558589914
0.021659102556035974,0.019889493049481233,0.199047282338,0.18931220053300796
0.021059782384289506,0.02143161451703085,0.195750266314,0.19779581151284392
0.01971025493454848,0.020615895378205962,0.18832616508,0.19330832853033075
0.018152037114548058,0.020102298382421613,0.17975400388200002,0.1904828979761668
0.02032012000366872,0.018355270443669247,0.191681191325,0.180872043244451
0.024406618477025247,0.018339769498693315,0.21416208148,0.18078676851754855
0.025768836099809473,0.02050901600128413,0.221655994654,0.19272035730066306
0.02563774132988329,0.022926907580113842,0.22093480825399997,0.20602180726932623
0.025190624683194544,0.024219048612811322,0.21847510337799997,0.2131302109088315
0.025115242075564172,0.023182388080340843,0.218060404062,0.20742727189871352
0.031002566849508566,0.021397027276033098,0.250448107719,0.1976055381111274
0.029338073908835288,0.024210799218707835,0.241291299462,0.21308482884790703
0.028957769601344677,0.02570805512389379,0.23919914662799996,0.22132162270892697
0.027230386492470268,0.02664036044548318,0.229696363211,0.22645047658278095
0.029163044324213322,0.02559367905840343,0.240328416228,0.22069241024710562
0.026204343337337375,0.024717922336567777,0.22405183315299998,0.21587464491709213
0.02225431907544854,0.023432818374562125,0.20232172310399998,0.20880495403234922
0.023333140890495346,0.02126051893736025,0.208256602287,0.19685457026250242
0.02338109268010762,0.020126685812802303,0.20852039754399998,0.1906170595688177
0.02091932911958218,0.019150826847876057,0.194977596402,0.18524860578367297
0.02164688911087892,0.01898504319764832,0.198980093002,0.18433658683773085
0.01945358839662476,0.019571560060640703,0.186914175749,0.1875631685327821
0.02079697526517967,0.018395193936905307,0.19430449605,0.181091672756586
0.02463267962213543,0.01857343702455916,0.215405702591,0.18207223430593192
0.026313421943448025,0.020719194477790026,0.224651902914,0.19387660372387372
0.019763410101306327,0.022547640497793064,0.188618585467,0.20393536048055316
0.018898446820821653,0.021633509064986844,0.183860197663,0.19890648589216509
0.019899453632339716,0.019535262137458875,0.189366996288,0.18736348422377633
0.02174513028226412,0.01771835414995815,0.199520543218,0.177368201182548
0.018440850285322073,0.018244541820985005,0.18134284019500002,0.18026289631345158
0.02037945367310777,0.019089605448667335,0.192007601261,0.18491181095560194
0.023316171000540533,0.019504130617489457,0.20816324651199997,0.18719222164155497
0.021486090939155142,0.020283359767465536,0.198095500469,0.19147896371191175
0.022237148743045745,0.020163229459278564,0.202227264643,0.19081809566552793
0.020484274231888373,0.021244693973586304,0.192584246397,0.19676751302398185
0.022834775988956883,0.019741004238118587,0.20551496744199999,0.18849532499047333
0.020410373273036325,0.0195546204955952,0.192177698016,0.18746997958298942
0.021361047363981873,0.0194413700934698,0.197407603264,0.18684695968789095
0.021437624500161637,0.019440122262292747,0.197828873992,0.18684009504428317
0.020872249525447525,0.019720233599431036,0.19471859931900004,0.18838106030890583
0.020555339201112053,0.019117565893347233,0.192975193262,0.18506562862851483
0.01796720752010164,0.01948880577807277,0.178737208247,0.18710791571710259
0.017710392004668063,0.018220052557126165,0.177324399352,0.18012817450837154
0.02099638569248212,0.017576577633253376,0.19540150463599998,0.1765882517174059
0.017949582129212497,0.018561915001241602,0.178640246391,0.18200884866116682
0.020547088557099344,0.01834730452773503,0.192929804325,0.18082822067060966
0.020460161548689286,0.01977705727608914,0.19245159626,0.18869366212228783
0.021505336121541693,0.01981782312026603,0.198201373219,0.18891792562586965
0.02237428116391825,0.019735077344183116,0.20298166573,0.188462719606575
0.023222401862558174,0.021017669460904942,0.20764739811399996,0.1955185921776001
0.02176151780562251,0.020870172897032246,0.199610695243,0.19470717524638603
0.01888747936933389,0.020592587433512555,0.183799862862,0.19318010546899655
0.048966597086217055,0.019073150887433943,0.34927290678,0.1848212901378289
0.04702134659382076,0.03650706295157774,0.338571578264,0.28072977135745514
0.044493366604136636,0.04645167641916509,0.324664503336,0.3354376745798283
0.03256205233257808,0.05254861884904899,0.259027242661,0.36897853944034986
0.022077534265080568,0.04713543229798123,0.20134918391700002,0.3391991933726827
0.02410807301364197,0.031886070462768035,0.212519705296,0.25530849071210016
0.02333393995163504,0.025343049970831644,0.20826099812999999,0.21931363449958374
0.022310350861982093,0.02089929343616126,0.202629968524,0.1948673749003641
0.021235700416302596,0.019100823082172924,0.196718037128,0.18497352207290257
0.019868715514111606,0.019749847282946875,0.189197897911,0.18854397287832073
0.01608761817733547,0.018428810503327953,0.16839709877999998,0.18127660622519315
0.013276134032733177,0.01709712632225141,0.152930393815,0.17395066544946025
0.014039050444336704,0.015618180241611601,0.157127395272,0.1658145986918671
0.02047393248579661,0.015132898808194017,0.192527353764,0.1631449394053041
0.022457250788670245,0.017848569178495866,0.203438103199,0.17808454789653128
0.02146850617859511,0.021394963603414863,0.19799876213099998,0.19759418531172007
0.016622525901773353,0.02307774320534617,0.171339765191,0.2068515932448789
0.014660015690541059,0.020576441246333232,0.160543486476,0.19309128109703924
0.01181461614426297,0.01677426364675355,0.144890204072,0.1721745139617405
0.011942276305869071,0.014520577732756501,0.145592495799,0.15977640203125348
0.00954429948725621,0.014111085059172912,0.132400602102,0.1575236764095188
0.0063338157151825985,0.014093699282938743,0.114738896489,0.15742803273601003
0.010757796949406886,0.013198558959109041,0.139076367021,0.1525036331737614
0.017714701517118004,0.01450485957294212,0.1773481071,0.1596899323490721
0.01951190631038084,0.01804946206405811,0.187234997749,0.17918971187069915
0.016679698043265915,0.021875108755881556,0.171654284,0.2002355885818878
0.020042967707175445,0.022615819439024132,0.190156504512,0.20431043055550685
0.02338402076482145,0.02147748146837114,0.208536505699,0.19804813753267453
0.023757851323445146,0.020872855100884602,0.210593044758,0.1947219307468643
0.02203929039020729,0.021923213326824342,0.201138794422,0.2005002243286938
0.021499490786904822,0.02242253046110343,0.198169216514,0.20324709765347876
0.019337906024884895,0.020506387542984617,0.186277776957,0.19270589746843908
0.027527341959894463,0.01845347092593963,0.23132999241399999,0.18141226961905554
0.033924730431153155,0.021252062204264732,0.2665236890320001,0.19680804757589676
0.03406272150406022,0.02753471676574598,0.267282813787,0.23137056313765092
0.03148270774182972,0.03208898268146798,0.253089487553,0.25642476356266947
0.038918331143796774,0.03316613921203054,0.293994784355,0.26235048158292557
0.03575724017978466,0.03555109825650765,0.276604801416,0.27547076112117413
0.029691212849136922,0.03524020298207625,0.24323400855099997,0.2737604454169668
0.02589425076434039,0.03255332631796043,0.222345933318,0.2589792385867567
0.025216655112910775,0.028510504708253726,0.218618303537,0.23673862621001318
0.022368097243932537,0.02395996013344065,0.20294764637899998,0.21170489784848578
0.020150009384797413,0.02040936337772875,0.19074536859999996,0.19217214231944812
0.020942160596450928,0.018422564541301534,0.19510319829,0.18124224556480292
0.025948118314456977,0.01822051916977424,0.222642272711,0.18013074146581803
0.026417015469488655,0.020251506984955703,0.22522179782399998,0.19130373327700437
0.025731735288547452,0.02272433094963011,0.22145189344899996,0.2049073805767514
0.02304609919756263,0.024013063376237875,0.20667751133399997,0.21199703258828373
0.023602318828595842,0.022323758849085662,0.20973742008199997,0.20270372934570108
0.0329730622541062,0.020082891648423917,0.261288315058,0.19037613648876772
0.02805574072262261,0.0248145852520838,0.234236851335,0.21640641273737782
0.026152239138923564,0.025859765108241117,0.223765194416,0.22215621876121122
0.02493404753170404,0.026108503228676194,0.217063605785,0.22352459180706463
0.02730584765174306,0.0239487745664132,0.23011149465999997,0.2116433631372152
0.023412107083955663,0.022036332782142565,0.20869101584,0.2011225238513738
0.022693867665763204,0.020749206768055584,0.204739794135,0.19404170913261398
0.025873090544088945,0.02025056877312853,0.22222952544699998,0.19129857192990823
0.026903936191653207,0.020782752490152934,0.22790047526399998,0.19422625286817574
0.02418551421916081,0.021452892303604143,0.21294572949399998,0.19791286614673514
0.020497189225613385,0.022212431623481632,0.192655295134,0.20209128934446713
0.01884011536362254,0.020612078201538486,0.183539301157,0.19328732924942482
0.016782386869638358,0.01806818242930991,0.172219201922,0.1792926974652445
0.019565530079068073,0.016374199077088314,0.187529996037,0.16997365478996052
0.01709815954784884,0.01723105551786608,0.173956349492,0.17468744476182052
0.020711678883057805,0.017584222316814502,0.19383525848400002,0.17663030710847671
0.02134966819280735,0.01929770216967397,0.197345003486,0.1860566051007771
0.02078948576062979,0.020480527616342947,0.194263294339,0.1925636352911648
0.022465384959363673,0.02017260381038527,0.203482851386,0.1908696664072958
0.019532091405460198,0.02129392257613727,0.187346041203,0.19703833236079255
0.021993375529265464,0.0193436180272355,0.200886204839,0.18630920016644112
0.02011575539777278,0.019670565884406632,0.190556928515,0.1881078253002564
0.020517674984182943,0.019228712306616103,0.192767992616,0.18567707393410118
0.018778766435094605,0.018970483990683962,0.183201804757,0.1842564928563814
0.022324116381603143,0.018864725948272154,0.202705696225,0.18367469037928053
0.020068253249524125,0.019274372988627997,0.19029560685199998,0.18592826521274827
0.018479075199266032,0.019486463228741313,0.181553125381,0.18709502874441766
0.0198525555199055,0.018874543743551853,0.189108997583,0.18372870062269214
0.018925514675620644,0.01903764286982801,0.184009104967,0.18462595130468717
0.0185532903652331,0.017932790208909977,0.181961402297,0.17854786967331035
0.01919650201305753,0.01841359434954498,0.185499876738,0.18119289820865853
0.025957685377642863,0.01881075749712441,0.222694903612,0.18337779590348463
0.023127514039016608,0.021447350463449977,0.207125395536,0.19788237904376063
0.021998990626097795,0.022322334080114303,0.200917094946,0.20269589132130192
0.01974396176781953,0.022194778243519953,0.18851159513,0.20199417351330495
0.020812804800175465,0.02014964190580959,0.194391578436,0.1907433470025827
0.01773456969624831,0.01805455756996105,0.177457407117,0.17921774357295844
0.02111552163328961,0.017632005202321888,0.196056902409,0.17689317318009873
0.019925576157323176,0.01869257444353395,0.18951070308699997,0.18272764021071441
0.023184718684881526,0.01913467601933988,0.20744009316,0.18515975587840536
0.022607398424491755,0.020459792191745263,0.204264104366,0.1924495643314576
0.021844609320998295,0.021531873373057175,0.20006780326399998,0.19834736153643723
0.016991480833627757,0.020522735864098585,0.17336948216,0.19279583383170412
0.019093802351894305,0.01887226650021684,0.184934899211,0.18371617291526626
0.016165723009927187,0.017629953978464452,0.168826773763,0.17688188886455986
0.02026919679054303,0.01664201809644561,0.191401049495,0.17144699681978046
0.018598216557559805,0.018142330131913464,0.182208552957,0.17970060324774856
0.022842544487597167,0.01916542326921722,0.20555770397199996,0.185328904490981
0.029464003222929205,0.02057951474614933,0.241984069347,0.19310818921830922
0.026498603666504545,0.02526669037929402,0.2256706357,0.21889356054119852
0.023580573533095735,0.025197054259814666,0.20961779356,0.21851047414999036
0.019547173344254428,0.024583565223312565,0.187429010868,0.21513551151857835
0.01882681031979234,0.020412467834105663,0.183466106653,0.19218922074080455
0.020583035469959307,0.017303156627362037,0.193127557635,0.17508409170374412
0.021467495840398417,0.017492091781006358,0.197993203998,0.17612347308689857
0.018392543658447443,0.01879171173949734,0.181077092886,0.18327302024091568
0.0587577549756703,0.019160168530362398,0.403136610985,0.18529999680686987
0.06917865965681713,0.044947531693875165,0.460464715958,0.3271629835290591
0.07652188451374715,0.06794394473857601,0.50086170435,0.45367222829877435
0.06506974684358313,0.08875239315204286,0.437860518694,0.5681449109949951
0.03203466119921259,0.09162456145016862,0.256125926971,0.583945455259925
0.02680519933163432,0.06465385655028616,0.22735729813599997,0.4355725981035243
0.02549819005637368,0.046455970894118126,0.22016710042999998,0.33546129960264975
0.0215454869083231,0.032693414858516956,0.19842225313200001,0.25974990205641385
0.02079624933855967,0.023669998458225594,0.194300502539,0.21010974331406712
0.018291921556102,0.0184816044941698,0.18052354454999997,0.18156703968961213
0.021810041127040415,0.017329794447549285,0.199877634645,0.17523063327558183
0.0234412606235292,0.018188484785906567,0.208851397038,0.17995451199464424
0.022783443764796688,0.020218794604618617,0.205232575536,0.19112377397104566
0.02183515602229766,0.021168836105763145,0.200015798211,0.19635019917814447
0.019373465596291918,0.021403749555808482,0.186473399401,0.1976425191192464
0.017047084648561032,0.019058389563245792,0.173675373197,0.18474008425710242
0.01975654630233423,0.017329744005328773,0.188580825925,0.17523035577981722
0.021771935394886217,0.017639629411643987,0.199668005109,0.17693511593705954
0.022914072641445734,0.019020916437177238,0.205951198936,0.1845339348515896
0.0173694692183575,0.02108021343278077,0.175448894501,0.1958626628216405
0.02252907418870451,0.020097340727389168,0.203833222389,0.1904556246273726
0.023544691628616932,0.020035066835366377,0.209420397878,0.19011303976279564
0.021082183180723954,0.020252687439962003,0.195873498917,0.19131022726678623
0.0168240247225026,0.02022399165277361,0.172448262572,0.19115236428362362
0.017768135677966253,0.019601703646082602,0.177642062306,0.18772899623041012
0.01662685708362309,0.017214669668762395,0.171363592148,0.1745973019473308
0.017969249866076595,0.016327984559691144,0.17874844372300003,0.169719416718921
0.016416934263137443,0.01737393551819122,0.17020875215499998,0.17547346477714615
0.020254122977705562,0.017972679291172022,0.191318124533,0.17876730988173412
0.020720067669789597,0.01908047058011686,0.19388140738,0.18486155766961576
0.022223066307657423,0.020182261286260883,0.202149793506,0.19092279469199963
0.021352328118039773,0.02108094352161083,0.197359636426,0.19586667923003975
0.01853483882649996,0.021366366562712347,0.181859895587,0.1974368655586398
0.013084703381309785,0.019113911898627822,0.15187728405,0.18504552705391505
0.018158394390277454,0.016623605710056943,0.179788976908,0.17134570549700284
0.01758810315864671,0.01657804238531352,0.17665165662800003,0.1710950498059921
0.02530393695876496,0.017031783956314772,0.21909846365499996,0.1735912001124078
0.028536331255943837,0.021804474233111937,0.23688070476099998,0.1998470097147017
0.034977676211298096,0.026685698146132752,0.272316217422,0.22669989105701327
0.03714970835812006,0.031056727093460246,0.284265130758,0.250746057296856
0.05110226247453554,0.03588961513092398,0.361021757126,0.27733303042556384
0.04716541053088055,0.046799469200760335,0.339364111423,0.3373509730603543
0.0348100738314971,0.05120772317176692,0.271394193172,0.3616019238299853
0.028365873925766935,0.04601176009590657,0.23594297468699998,0.33301758055433295
0.0175588439803629,0.038103151083161924,0.176490694284,0.28951026698171295
0.02062987128284639,0.02574369960745937,0.193385213614,0.22151771227677924
0.023113290752256956,0.02006979745249715,0.207047149539,0.19030410191388242
0.02321754790518868,0.018382141587817813,0.20762069523299997,0.18101986839203923
0.023359388014754845,0.019692082723658078,0.20840099453899996,0.1882261950250583
0.02354513585231249,0.022398313190575947,0.20942284166799996,0.20311387215440374
0.02110443229099628,0.021287525195881507,0.19599589705499998,0.19700313870937014
0.022360821725455463,0.019725023078924098,0.202907621861,0.1884074084803502
0.016667319368685485,0.019608890729920503,0.171586185694,0.18776853424647644
0.019165422600828326,0.01779703279748973,0.185328900814,0.1778010328706628
0.019389668929297613,0.017652089354423195,0.186562538147,0.17700366132054207
0.018647468514249966,0.01804637949392407,0.182479500771,0.1791727538512529
0.019386938578197746,0.018074490774869112,0.186547517776,0.17932740131366165
0.02020447555342393,0.01953461190728467,0.191045001149,0.18735990713859763
0.020886773476060928,0.019157672270032844,0.19479849934600002,0.18528626423003597
0.020793193945735772,0.01966901000670329,0.194283694029,0.18809926601264834
0.018625365672653472,0.02005666956129476,0.182357907295,0.19023188197252874
0.019351408802329047,0.019079487212177615,0.186352059245,0.18485614790701138
0.024055581473775216,0.018600399644238264,0.212230935693,0.18222056268418751
0.022955063119332396,0.020170914672620666,0.206176698208,0.19086037402145734
0.021881260491078462,0.021089821300611877,0.20026943087599997,0.1959155181995987
0.022494730815246663,0.02163656562224603,0.203644290566,0.19892330080802623
0.022588036768785912,0.020932666557302082,0.204157590866,0.1950509691132062
0.023158907658360827,0.019531481924357497,0.20729809999499998,0.18734268828905404
0.015012079284083074,0.020190967481824473,0.162480279803,0.19097068973647574
0.022690991045987503,0.01816079238030721,0.204723969102,0.17980216887437495
0.01978458928248708,0.019123189072103475,0.18873509764699997,0.1850965631962787
0.02089106402758155,0.01860937202987223,0.194822102785,0.18226992210942178
0.01940648713309031,0.019571115652627258,0.186655059457,0.1875607237288015
0.02298819571214556,0.02061176867762038,0.20635896921199998,0.19328562647790815
0.021656632238460743,0.01955013719101467,0.199033692479,0.18744531575931167
0.021484836819710872,0.02038705095874005,0.198088601232,0.19204939590374587
0.02258918254104943,0.020244839508089585,0.204163894057,0.1912670537539321
0.021245210597245854,0.020675870126437512,0.196770355105,0.1936382652073803
0.01847109271473472,0.019394974659437902,0.181509211659,0.18659172634742477
0.0164539700660183,0.01871054995548238,0.170412495732,0.18282652817365563
0.015703543385009983,0.01734703211893507,0.166284203529,0.17532546218582817
0.014942241347599363,0.016149285261271074,0.162096083164,0.16873634543558402
0.022755454958234212,0.015892499891491163,0.205078601837,0.16732370237965952
0.02461084764885436,0.019496345072957555,0.21528559923199997,0.18714939133767508
0.0239991325502504,0.022730044912065317,0.211920395494,0.20493881456912733
0.02215271913891521,0.02429702493267405,0.201762795448,0.21355917890990977
0.021220483043441544,0.023360540342797553,0.196634322405,0.2084073337950451
0.02173315520105014,0.019627908586225373,0.199454665184,0.1878731564166206
0.019072969882019144,0.018863508209770452,0.18482029438,0.18366799128330075
0.019756941769743925,0.018212224233569607,0.188583001494,0.18008510886595905
0.017272474040641587,0.01843614152534273,0.17491529882,0.18131693608257904
0.017784230663791197,0.017637873694584638,0.17773060500599996,0.1769254572812172
0.01682332317411642,0.017376222724872603,0.172444403172,0.17548604729552986
0.016316136096577838,0.017468720726037112,0.16965423524399997,0.17599490283953506
0.019304098970389844,0.017100283728234467,0.186091795564,0.1739680351603613
0.017902567543458994,0.018609768463319576,0.178381606936,0.18227210299284596
0.02099640194457741,0.018579878054803656,0.195401594043,0.1821076680872867
0.02145093496129634,0.020154197975635946,0.19790209829799998,0.19076841112678894
0.020801319990290668,0.020831776625197973,0.194328397512,0.19449594737609666
0.01933972896748254,0.020233251193454815,0.186287805438,0.19120330342340236
0.0183261051172592,0.019834843628948717,0.180711597204,0.18901155986764714
0.020036959851403895,0.01816351436175373,0.19012345373599998,0.17981714320173664
0.01964149505329487,0.018286794317141808,0.187947899103,0.18049533827594555
0.019755693067604163,0.01862059679876582,0.188576132059,0.18233167248034626
0.020571718598513693,0.019234388829793225,0.193065300584,0.18570830196338817
0.019780984027257344,0.0197056195508738,0.188715264201,0.188300664629701
0.022050707483058676,0.019128495913104504,0.201201602817,0.1851257575078371
0.02236821642608585,0.020029698426098086,0.202948302031,0.19008350674819785
0.01966041790260965,0.020486881026443193,0.188051998615,0.19259858705133417
0.020715882756797473,0.01967586751515832,0.193858385086,0.1881369909488791
0.018530556400936097,0.01960601517983407,0.181836336851,0.18775271509811514
0.020641710929811773,0.018091012394567785,0.193450346589,0.17941829103748025
0.018652376645209835,0.018551525758264797,0.182506501675,0.18195169473545808
0.016716601120913974,0.0186666585975917,0.171857297421,0.18258507040683458
0.019812001139757642,0.01768708507285327,0.188885897398,0.1771961818627743
0.020642003467345217,0.018627506790517,0.193451955914,0.1823696861408292
0.02452341411701984,0.018902499546204043,0.21480460465,0.1838824927586042
0.02160290012259276,0.02178462714411289,0.198738098145,0.19973782571999493
0.023419975803819947,0.022036472108864946,0.208734303713,0.20112329032388368
0.01872791093900233,0.02150163051212839,0.182922035456,0.1981809876985548
0.019317013963933077,0.019437675779409136,0.18616284430000002,0.1868266363061162
0.0216065324645268,0.01796622720519625,0.198758080602,0.1787318152799283
0.021983613440936092,0.018906051257109924,0.20083250105399997,0.18390203164336286
0.021674119486630814,0.019374104331317865,0.199129894376,0.18647691324838062
0.018005521820660585,0.020841509977677364,0.178947985172,0.19454949307771768
0.02110746872289086,0.01922610103066924,0.196012601256,0.1856627086264647
0.01765035136935655,0.01884355956503614,0.176994100213,0.18355824860410067
0.018408820125972836,0.017778439631192744,0.181166633964,0.17769874703062605
0.024936401375959975,0.017942964246628335,0.21707655489399996,0.178603839698962
0.02599251360512538,0.02116614456532212,0.22288650274299998,0.1963353923146654
0.021500614889768545,0.022681268341039507,0.198175400496,0.2046704819752164
0.015482409331788993,0.023028032549156197,0.165067687631,0.20657812200571757
0.021668463759469365,0.019586133960348917,0.199098780751,0.18764334334273405
0.02097402552619501,0.01805137411990615,0.19527849555,0.17920023058684953
0.019747488471225066,0.018146436797872145,0.188530996442,0.17972319508448173
0.018680823218910913,0.01953531546636217,0.18266299367,0.18736377759993317
0.027107266081118638,0.020079249650693853,0.22901904583,0.1903561009127243
0.035196640610797615,0.021379541705108585,0.273520797491,0.1975093454410911
0.03713849983385519,0.028610831681882776,0.284203469753,0.2372905509662424
0.034328876553527406,0.035145949807440124,0.268747001886,0.2732419342075366
0.02945993749190861,0.03695642811588146,0.24196170270399997,0.2832018459132295
0.03247861410589668,0.032502031914017904,0.258568227291,0.25869705473960336
0.030689017998973476,0.03059949520085703,0.24872319400299997,0.2482307058241971
0.02615369370099759,0.028675703558659338,0.22377319633999998,0.23764742802014832
0.023561528793157167,0.02584736645902902,0.20951302349599998,0.22208801056957117
0.02180993277967789,0.023092583154119883,0.199877038598,0.20693323165988453
0.02206075940026924,0.01986858323980889,0.201256901026,0.18919717023568358
0.022953099325181643,0.01853148515292774,0.206165894866,0.18184144615708236
0.020402298693419554,0.019086163710766324,0.192133277655,0.18489287706092428
0.015626524733786906,0.01912930373201238,0.165860503912,0.18513020152959597
0.016824431024703077,0.017720223512246724,0.172450497746,0.17737848503033196
0.019410068010086216,0.016740446132184506,0.186674758792,0.1719884750251549
0.013823883616558147,0.01717082934484676,0.155943706632,0.17435612493166988
0.011835288801837476,0.016722486276741166,0.145003929734,0.17188967319271725
0.01043138998738942,0.01637915085068642,0.137280717492,0.17000089578345584
0.011008054746663082,0.014488329048900128,0.140453100204,0.15959899364014674
0.009901888791197352,0.013789263972712074,0.134367793798,0.15575325497379355
0.012971732399740463,0.01462163696748725,0.15125580132,0.16033235514611277
0.01403701622450028,0.016161863212701355,0.1571162045,0.16880554001532574
0.015011792163854131,0.017450831544752965,0.16247870028,0.17589648980401484
0.017714882998636668,0.01832950830858543,0.177349105477,0.18073031904395181
0.018487585876803388,0.019896849828318686,0.18159994483,0.18935267208536943
0.019158588597212783,0.019905664544601798,0.185291305184,0.18940116413052743
0.019740454025161537,0.020282603287308687,0.188492298126,0.19147480211796492
0.020354132917916257,0.02027187861425256,0.191868305206,0.1914158029042138
0.026589073630415423,0.019833471270955416,0.22616833448399998,0.1890040101696595
0.022090351746233836,0.022513198699225634,0.201419696212,0.20374588719544534
0.021351049620361686,0.022053514218993653,0.197352603078,0.20121704340082983
0.020770067222681324,0.02134875538588621,0.194156467915,0.19733998189789453
0.023257338437221452,0.019840696167785277,0.207839593291,0.18904375620482197
0.01890335495178153,0.01894393069359135,0.183887198567,0.18411041626805422
0.022390793286734458,0.018975590571056522,0.203072503209,0.18428458548217624
0.02038746866182966,0.01985471207088174,0.192051693797,0.1891208613303932
0.01977835389756325,0.01936703962183539,0.188700795174,0.18643804844544773
0.019786171152489408,0.018708521483402962,0.188743799925,0.1828153690215607
0.019538064048207137,0.01927179123471423,0.187378898263,0.18591406231348842
0.019853666079326183,0.0182279059803373,0.18911510705899998,0.1801713782305071
0.01993664653886897,0.01882934495470373,0.189571604133,0.18348005033838188
0.019875676825655438,0.01906325416967536,0.189236193895,0.1847668457213495
0.021590139523682127,0.019109511995326733,0.198667898774,0.18502132204235092
0.032742732226875196,0.01981030334989098,0.260021209717,0.18887655741469947
0.03159362283398106,0.02580820557197966,0.253699660301,0.22187257635226532
0.030677443802655472,0.029239769425748074,0.248659521341,0.24075050095187295
0.026174959559777524,0.030913133431000883,0.22389018535599997,0.2499561112406541
0.020316303471381986,0.02795397185241094,0.191660195589,0.23367699433093075
0.02023818509534724,0.021589102035638685,0.1912304461,0.19866219128263699
0.02578808669950053,0.018721542649565492,0.22176189720599998,0.18288700184073298
0.028184010337529427,0.019412135293059407,0.23494249582299997,0.18668613145290824
0.028066404801786144,0.022600968005567823,0.234295517206,0.20422872896027747
0.026294206556599798,0.02581254507059083,0.224546194077,0.22189644906193146
0.02379061824420517,0.02528273859428415,0.210773304105,0.21898184594268078
0.025377745822349772,0.021925448521428637,0.21950450539599997,0.20051252071512382
0.019416701571253775,0.020786725629735714,0.186711251736,0.1942481101416125
0.017875819313261303,0.018909816282876024,0.17823445797,0.1839227440286067
0.018396525420339326,0.017686608571708007,0.18109899759299997,0.17719356050613483
0.021703313656351683,0.017159102779801705,0.199290499091,0.17429161404970278
0.025263897227998332,0.01806303804038395,0.21887819468999997,0.17926439684477125
0.04602348997904609,0.021880992075479444,0.33308210969,0.20026795425203042
0.03976979977279405,0.037199688636630424,0.298678934574,0.2845400852596188
0.04002708118150476,0.04230344512566869,0.300094306469,0.3126171761373003
0.028859268396798393,0.04508885490552411,0.23865726590199998,0.32794043924527827
0.022099404160038496,0.0384109436577853,0.201469495893,0.29120351392790583
0.024034616278485476,0.027779620766014368,0.21211560070499996,0.23271784369200565
0.022743404034030062,0.023178598777454207,0.205012306571,0.20740642595872016
0.021608753583368164,0.01979990115545338,0.198770299554,0.1888193322396389
0.017995854536250706,0.018827909991917413,0.178894802928,0.18347215623515728
0.023353214929559926,0.018526574556467834,0.208367034793,0.18181443168972589
0.023290768985054344,0.019087398160716917,0.20802350342299997,0.18489966809092762
0.019286950307386842,0.020167709748178886,0.185997456312,0.1908427428991651
0.025008685251966877,0.019916712243980894,0.217474207282,0.1894619403960335
0.026312129902326897,0.02202942818193021,0.22464479506,0.20108453985114716
0.023963323780109517,0.021736423763446033,0.211723402143,0.1994726463952169
0.02258746523698028,0.022229010376851766,0.20415444672099997,0.20218249337546107
0.024503881814222566,0.022207668773447042,0.214697152376,0.20206508766859463
0.024573148218900644,0.020190938173931583,0.21507820487,0.19097052850614005
0.027977584424910995,0.02018166235666724,0.233806893229,0.1909194998246473
0.043683481654413235,0.022721469312480813,0.320209115744,0.20489163796707316
0.04448375078466488,0.03536493556500897,0.324611604214,0.2744466317728268
0.041956112088800075,0.04325993677022821,0.310706406832,0.31787908525967323
0.041749510111967474,0.04699476544997905,0.309569835663,0.33842534848346884
0.03623780362640159,0.04710934046684595,0.279248505831,0.3390556554285187
0.029592332428912682,0.0411564091642066,0.242690041661,0.3063070332064786
0.031398792787262195,0.03484150895475607,0.252627849579,0.27156712595482163
0.03708845965081612,0.031458475106946326,0.283928185701,0.25295617753061
0.03905982725089137,0.03237051853295375,0.294773191214,0.2579735654509392
0.03468032798511646,0.03577550147565167,0.270680427551,0.27670526155055064
0.025706032609207514,0.03667917656080638,0.22131049633,0.28167661305297437
0.02744925337921626,0.031297032215456044,0.23090040683699997,0.25206803822661616
0.02888126830833686,0.02720899235619706,0.23877829313299997,0.22957866850717107
0.029459709962756327,0.02503400085270202,0.24196045100699998,0.21761347498099592
0.032111479408169455,0.024869896970334093,0.25654852390300004,0.2167106968746108
0.03363744766544333,0.027833285232021332,0.264943271875,0.23301306586653847
0.03187396595736505,0.030077863454632092,0.255241900682,0.24536107401968266
0.03098613056986431,0.03045353150463337,0.250357687473,0.24742772159630222
0.037317462424083174,0.02997771170890645,0.285187989473,0.24481011323769064
0.04215100172659558,0.03289788118789572,0.31177854538,0.2608747244737301
0.03902752893206073,0.038239993443293596,0.294595509768,0.2902630723691928
0.041221517651439804,0.04057901009220716,0.306665211916,0.30313061084933124
0.029027751098033756,0.04308182812457806,0.239584133029,0.3168992633107302
0.019722801547568097,0.03615808378381058,0.188395187259,0.27880994625826383
0.019131718476209526,0.027191066201406877,0.185143485665,0.22948005207078498
0.02594930471686783,0.021028548169667594,0.222648799419,0.19557843878180564
0.025332315815250854,0.019901756587525687,0.21925458312,0.18937966544300036
0.02360153331089919,0.020920271328297713,0.209733098745,0.19498277973701775
0.020804865654443748,0.02308928531772597,0.194347903132,0.20691508940479647
0.020765381203569234,0.021354555851565316,0.194130688906,0.19737189176709674
0.02237772389819508,0.018442526032877327,0.203000605106,0.1813520589178168
0.020213690488181495,0.018726394336754715,0.1910956949,0.1829136922328813
0.01098412625381669,0.01883094946206726,0.140321463346,0.18348887715038914
0.010492608899155029,0.01664919434542278,0.137617498636,0.171486475230462
0.013657169684330056,0.014489149105229415,0.155026569963,0.1596035049831412
0.02185600474426811,0.014014371855512076,0.200130492449,0.1569916319410789
0.020544509892343365,0.018662594948128164,0.19291561842,0.18256271521502093
0.018310018257572783,0.02281182782095431,0.180623099208,0.20538872360574562
0.0149194207055214,0.022517090780005855,0.161970540881,0.20376729854334258
0.019818382793539088,0.01902498232839983,0.188921004534,0.18455630237590245
0.01798212964677699,0.017481849245265857,0.178819298744,0.17606712623582496
0.017645142574724697,0.01783412430276171,0.17696544528,0.17800508288099307
0.01844586134615819,0.018652151352255175,0.18137040734299997,0.18250526227990432
0.022659876420915468,0.01931584920009155,0.204552799463,0.18615643663139358
0.023930841270744404,0.01978548744917441,0.211544707417,0.18874003869537437
0.02390480542372367,0.021981376822440224,0.21140147745599996,0.20082019683437233
0.019280411550138776,0.02291528541903115,0.185961484909,0.20595787074069
0.02122686198838896,0.020833651396207853,0.196669414639,0.1945062609786622
0.02077217728550792,0.01913642397626164,0.194168075919,0.18516937184371401
0.019248021136222676,0.01844538157040415,0.185783296824,0.18136776797188658
0.01820282760244095,0.01826346818341662,0.180033415556,0.18036701515202033
0.022878206988880444,0.018575387902763196,0.20575389266,0.18208296659395226
0.023251850648499186,0.019426000610900995,0.20780940353899996,0.18676240816985631
0.023400676447661244,0.020736239638994125,0.208628132939,0.19397037358557856
0.02263828010292522,0.022029547057914045,0.204433992505,0.20108519381882928
0.02279794333717627,0.021840332152259223,0.205312341452,0.20004427344715942
0.022021998167180708,0.02013384613580832,0.20104366540900004,0.19065645036659287
0.02050896928168388,0.019686045118156525,0.192720100284,0.18819298058806178
0.021737050285161066,0.01904532933958153,0.199476093054,0.18466823657246234
0.014115175230682371,0.019232893782516025,0.157546177506,0.1857000773197637
0.009616846105439999,0.017026179198891822,0.132799699903,0.17356036688518595
0.014699735796888162,0.014703272820080382,0.160761997104,0.1607814551878286
0.015830705149330153,0.014861532354395968,0.166983753443,0.16165208201667158
0.0187309636229922,0.015707005088908432,0.182938829064,0.1663032472618186
0.021007255631579923,0.019654270675274754,0.195461302996,0.1880181811198083
0.021305573565810917,0.022434629616349067,0.197102427483,0.20331365825097286
0.02298160278112535,0.021660988272857007,0.206322699785,0.19905765615631743
0.02228685304957,0.02215059819082177,0.20250070095099998,0.20175112756131802
0.020462225564064032,0.02117780556158544,0.192462950945,0.19639954248572328
0.027614705066043327,0.019844663309117105,0.23181059956599998,0.18906558048032132
0.02602164818395137,0.02219988461773148,0.22304677963299996,0.20202226500495435
0.024425484444097395,0.02270306734505706,0.21426586806799996,0.20479040396172934
0.019600667096179334,0.023091660450497042,0.18772329389999998,0.20692815562745093
0.022158136502133587,0.021035180090575423,0.201792597771,0.19561492270231057
0.0227750874820737,0.018622670179797685,0.205186605453,0.1823430786882601
0.021395230925139067,0.018925673101841234,0.197595655918,0.18400997651081336
0.022751075020280377,0.01943331927063502,0.20505450665999997,0.18680267001912287
0.02121757121082301,0.02084216302681119,0.196618303657,0.19455308567072588
0.020997076406259287,0.01958241531571997,0.195405304432,0.18762288611217987
0.015327277721835671,0.019252705082359545,0.164214268327,0.18580906442902456
0.01905594310982171,0.017583932756432663,0.184726625681,0.17662871416156145
0.015805991138787102,0.01738766743719289,0.166847795248,0.17554900763240636
0.01314691096187229,0.016706509249806156,0.152219504118,0.17180177941522748
0.059989945049149444,0.01591595823893527,0.409915208817,0.16745275284561395
0.059760303027043354,0.044977240191853674,0.408651888371,0.3273264176974748
0.06424002351008597,0.061622703235349685,0.433295994997,0.4188974359419977
0.06252081791070456,0.07769920557027826,0.423838198185,0.5073384534596859
0.058551147581533194,0.08230487480919102,0.402000010014,0.5326754369249497
0.06134566725348519,0.07201594620905477,0.417373389006,0.47607336667327166
0.05237229282915795,0.0721278058805071,0.368008524179,0.47668873579749615
0.05011700664618908,0.06598819098855796,0.355601608753,0.4429131186328721
0.05243989068605276,0.061314669815769496,0.368380397558,0.4172028640451034
0.05282613784093374,0.0595009712640448,0.37050524354,0.4072252369441895
0.06739062104166244,0.05841115360615756,0.450628250837,0.4012298667719798
0.07265900666328214,0.06900765079988508,0.479611009359,0.45952395179198186
0.05564181231583267,0.07976276090007717,0.385995000601,0.5186906076328575
0.06583194816335744,0.07599070011408177,0.442053586245,0.49793952091624016
0.05441417824470331,0.0785890381850059,0.379241466522,0.5122336539347266
