y_test_true_scaled,y_test_pred_scaled,y_test_true_unscaled,y_test_pred_unscaled
0.012974232618910555,0.010734050607644985,0.789277017117,0.6620102113075418
0.01006102498986119,0.013629712330014865,0.623775005341,0.8265154239453917
0.011252591783822959,0.013913950094452954,0.691469013691,0.8426632334486117
0.014144676356461522,0.014969284233591784,0.855771005154,0.9026177390532687
0.011567918423488135,0.016220220906421057,0.709383010864,0.9736846049687541
0.016939507578170407,0.014122197344146548,1.01454794407,0.8544939517357101
0.01872055694382191,0.015868470781727817,1.1157310009,0.953701356023952
0.006443903807354338,0.01550562909428499,0.41828301549,0.9330879851714315
0.016723580903174273,0.010330603547762163,1.00228095055,0.6390900118030842
0.02053587658791362,0.017037549348441594,1.21886098385,1.02011778744682
0.019205762981750064,0.018226953623227793,1.14329600334,1.0876889410883217
0.010572264226977605,0.012904085998933557,0.652818977833,0.7852919229514777
0.01095664447037943,0.01027558240440496,0.674655973911,0.6359642099120586
0.009659317608085041,0.013422769554229053,0.600953638554,0.8147588140238949
0.010865131160250835,0.01482958850330851,0.669457018375,0.8946814957976021
0.01058967320105931,0.015521627378624059,0.653807997704,0.9339968624573065
0.01283579072433334,0.015372454968908489,0.781412005424,0.9255222403043167
0.020314844623316435,0.015801930108269913,1.20630395412,0.9499211190053477
0.013988983913359902,0.017829692730967794,0.846925973892,1.0651201834709962
0.013667127203506449,0.012661660585561618,0.82864099741,0.7715195116689435
0.010491646607549697,0.012545241592115008,0.648239016533,0.7649056412972535
0.008980158833077845,0.013251786133990917,0.56237000227,0.8050450882504296
0.011725422793189996,0.01404665777353653,0.718330979347,0.8502024790716993
0.018437459935611404,0.016150396586537052,1.09964799881,0.9697178209687188
0.015876737605595503,0.017973709735424004,0.954171001911,1.073301922297224
0.011913467621307365,0.014035636641232418,0.729013979435,0.8495763583825346
0.010865007357507705,0.011841032757318182,0.669449985027,0.7248988880170764
0.014274070158899312,0.013508663754088435,0.863121986389,0.8196385427239247
0.010460437824143616,0.01586230303042635,0.646466016769,0.9533509603850185
0.013555828536112646,0.01389468637227198,0.822318017483,0.8415688436277649
0.015338583861645771,0.015165766540772063,0.923597991467,0.9137800801073245
0.013692668339215544,0.01570959596820365,0.830092012882,0.9446755313636731
0.01786830934176323,0.013669025271358493,1.06731402874,0.8287488283949487
0.02629733947042419,0.01502950996797936,1.54617500305,0.9060392185600635
0.01109873015251055,0.018124268982833813,0.682727992535,1.0818553319784745
0.010321309768621723,0.009730174162500882,0.63856202364,0.6049790647496481
0.0104596981552134,0.012473831186880169,0.646423995495,0.760848750325853
0.011193454989756546,0.01513147235850587,0.688109397888,0.9118317959889282
0.011885040202963895,0.015503705239209964,0.727398991585,0.9329786891905659
0.01052326037279968,0.015413670834577786,0.650035023689,0.9278637516395675
0.014384032176329576,0.014583903292848976,0.869369029999,0.8807238924365498
0.006841274420939749,0.0160337614689825,0.440858006477,0.9630916723871611
0.007034951749357704,0.013059451931472399,0.451860994101,0.7941184048473195
0.012415009326500356,0.01477487487180329,0.757507026196,0.891573163938455
0.007798502029146964,0.0181161084660737,0.495238989592,1.0813917254962373
0.011140254432391248,0.014855934973375229,0.685087025166,0.8961782630570855
0.011831922530470435,0.015935658432043143,0.724381327629,0.9575183483944263
0.014313711168222524,0.01620009150483437,0.865374028683,0.9725410351025956
0.012107673209730128,0.01574841746280642,0.740046977997,0.9468810162707019
0.013287534349268198,0.014050413772040082,0.807075977325,0.8504158608102225
0.013522648351384572,0.014452013237213679,0.820433020592,0.8732310967555179
0.018697338683310777,0.014712491900847002,1.11441195011,0.888029129832929
0.018595123780052625,0.016028747391573672,1.1086050272,0.9628068180259111
0.00744489043987571,0.014272917320453216,0.475149989128,0.8630564925738049
0.017374636455174175,0.010209020369220445,1.03926801682,0.6321827593140671
0.015729212996117497,0.016821969916794632,0.945789992809,1.0078705211416916
0.012947353784038263,0.015767550033993105,0.787750005722,0.9479679552826245
0.005249977941580947,0.01234471599815623,0.350454986095,0.7535135973928563
0.015570464303927216,0.011964805519394606,0.936771333218,0.731930532765791
0.016451186537240176,0.018320732470951784,0.986805975437,1.0930166039042468
0.010470259158827773,0.017306165937777118,0.647023975849,1.0353781435876364
0.017207574093864416,0.011997583483646546,1.02977705002,0.7337926791406404
0.019982918973433385,0.01582269746771825,1.18744695187,0.9511009318459095
0.015502003484513274,0.016343616734138422,0.932882010937,0.9806948357289463
0.01233280640242299,0.011788272600840033,0.752837002277,0.7219015348755842
0.01038189652364467,0.01176428778889238,0.642004013062,0.7205389355916118
0.0031426194262370445,0.013322600951926722,0.23073400557,0.8090681433581602
0.0073806373400167056,0.01304758365237113,0.471499711275,0.7934441569674251
0.014523159182687017,0.01714472147803603,0.877272963524,1.0262063349562143
0.012945258579955536,0.019887853506703745,0.787630975246,1.182046195041928
0.00390810569767839,0.01563122256057481,0.274221986532,0.9402230658054437
0.006108474959309352,0.011940468374378232,0.399226993322,0.7305479171152861
0.01654879555877404,0.01596519150924358,0.992351233959,0.9591961497436571
0.01250683948770835,0.02088753410487021,0.762723982334,1.2388389716638861
0.011756314725499074,0.015367964083030872,0.720085978508,0.9252671089364077
0.010108604063275864,0.013366442494659792,0.626478016376,0.8115588218286317
0.011877823971795737,0.014170454307620872,0.726989030838,0.8572354743301047
0.01545306887594609,0.015443114822929482,0.9301019907,0.9295364917691493
0.011178679446947885,0.016430774347262478,0.687269985676,0.9856463401015794
0.014329223232450443,0.013441257356365144,0.866255283356,0.8158091231114893
0.013782647754316113,0.014828864913269069,0.835203826427,0.8946403879802141
0.015631696302058753,0.014730867323512475,0.940249979496,0.8890730545391685
0.017094584154979327,0.014542794583037866,1.0233579874,0.8783884687244147
0.011970657145080615,0.014554311122829677,0.732262969017,0.8790427339697879
0.015452593599309391,0.012132484040639158,0.930074989796,0.741456504179869
0.014400296499601957,0.014464113747801655,0.870293021202,0.8739185379203209
0.008065405533442505,0.014323089438783354,0.510402023792,0.865906816881589
0.0171378857386813,0.012129783088424162,1.0258179903,0.7413030605938934
0.007092387829435159,0.017330857495129637,0.455123990774,1.0367808937297736
0.012010649628297397,0.013079317598539753,0.734534978867,0.7952469917122359
0.011425498054288306,0.015490994327376884,0.701291978359,0.9322565705681564
0.016936658016608697,0.016009751880347034,1.0143860578499997,0.9617276655167066
0.018862065579273123,0.016541354706246514,1.12377023697,0.9919285122654433
0.007574918469089729,0.015613056931801816,0.482537001371,0.9391910596836941
0.0073354398956606,0.010494967496736951,0.468932002783,0.648427679310035
0.014492297676481497,0.013818564251125265,0.875519692898,0.8372442757305743
0.0192432374429981,0.018515785329636048,1.14542496204,1.1040977366711
0.033296212883666486,0.0179720591707464,1.9437874555599999,1.0732081521958465
0.026488570645553683,0.022165915992839125,1.55703902245,1.3114650255596385
0.0361299716751261,0.015376899391110976,2.10477590561,0.9257747320279958
0.017778995104124673,0.021606600914336083,1.06224000454,1.2796898201860651
0.012930331955828751,0.01074135494303241,0.786782979965,0.6624251773364822
0.03865052840787196,0.011722342376017991,2.24797105789,0.718155978006899
0.009052274980977881,0.0272592897514099,0.566466987133,1.6008242855604866
0.013848993435311511,0.00996292359109563,0.838972985744,0.6182017744144293
0.004693113196382539,0.015420458600983844,0.318818986416,0.9282493709083303
0.0103231752031899,0.013109322093157072,0.638668000698,0.7969515747196301
0.012353746902247659,0.016637115649760226,0.754026651382,0.9973687797709417
0.018194162362175803,0.017615340932498835,1.08582603931,1.0529426601387535
0.00966770262109136,0.01721117392138871,0.601429998875,1.029981559541181
0.01126760653871425,0.012196507460930706,0.692322015762,0.7450937337248462
0.014540251305671723,0.014028064349165037,0.878243982792,0.8491461694875139
0.02159840210240761,0.01646712203069689,1.27922403812,0.9877112855149467
0.01184575171671631,0.0175818070046867,0.725166976452,1.0510375667769492
0.006620418717994791,0.011348047004596351,0.428310990334,0.6968919128057033
0.01142431878068241,0.011726971889575166,0.701224982738,0.718418984941117
0.014652528854095978,0.01662179709469358,0.884622573853,0.9964985185318351
0.01282792925005659,0.01742260298329179,0.780965387821,1.0419930395139594
0.015380336861841365,0.014270077757384092,0.92597001791,0.8628951743773885
0.01523765314951247,0.014722244405706908,0.917864024639,0.888583178627143
0.015051738148274398,0.014334662652613295,0.90730202198,0.8665643018313295
0.006297136178213636,0.013562356213209448,0.409945011139,0.8226888608382665
0.014468117321782378,0.01162464176675182,0.87414598465,0.7126055163013704
0.020755605475968157,0.0170083451516303,1.2313439846,1.0184586700957683
0.012606680106182317,0.019016772671591298,0.768396019936,1.1325592895453664
0.01555220339908675,0.011710875285011246,0.935733914375,0.7175045219926038
0.012323829654276018,0.013515546093624264,0.752327024937,0.8200295347793989
0.010078785437818864,0.013504381596466608,0.624783992767,0.8193952694007027
0.03389750183069387,0.013242278220137793,1.97794723511,0.8045049348968568
0.04267278725254257,0.026012200521654316,2.47647929192,1.5299759964338782
0.011090492024111739,0.028232294783628875,0.682259976864,1.6561015986825043
0.02185986510568,0.008773129490928566,1.29407799244,0.5506084744335689
0.03633644947286713,0.018662176995189794,2.1165060997,1.112414382184036
0.03481779687688375,0.02477517632656845,2.03023004532,1.4596995112081734
0.029490705366334205,0.020378561367798254,1.72759306431,1.2099237611294302
0.022344649374886585,0.01702289416899294,1.32161903381,1.019285213188293
0.018694927677383507,0.013067409144337683,1.11427497864,0.7945704614478181
0.027570121914064445,0.01108274565135936,1.61848294735,0.6818198982847385
0.01848509251695881,0.01623696880180492,1.10235404968,0.974636068349326
0.01404532885061357,0.011443927608338234,0.850126981735,0.7023389783191069
0.010578642166665701,0.010630966969137567,0.653181314468,0.6561539347469402
0.009938735156763015,0.012163534505422513,0.616827607155,0.743220509716921
0.017091887773293478,0.01417111322737763,1.0232048034699999,0.8572729081690988
0.019795175258682202,0.01759461781709426,1.17678105831,1.0517653608431168
0.018597746719522724,0.01649395803578768,1.10875403881,0.9892358637105648
0.016398468600733154,0.012738525440223691,0.983811020851,0.7758862749420419
0.031292022710161994,0.0116644521105711,1.82992756367,0.7148671786442412
0.022705706440311127,0.0204638585578234,1.34213101864,1.2147695731502535
0.02135981323004477,0.0139152056088363,1.26566958427,0.842734560378483
0.013040429316934334,0.012400593084369582,0.793037712574,0.7566880261868343
0.017223632778633473,0.009906584194650625,1.03068935871,0.6150010813498787
0.013533037290162949,0.013714159606093679,0.821023225784,0.8313129515711887
0.018429032955516532,0.0132234441393837,1.0991692543,0.8034349534016583
0.008331789171136868,0.014765516419076308,0.525535523891,0.8910415016092815
0.012737700131123254,0.011527532501627524,0.775839388371,0.7070886494018407
0.011771981018573678,0.014945436508082999,0.720975995064,0.9012629277763005
0.014336648249597678,0.015501097299766675,0.866677105427,0.9328305297459214
0.013976277345223425,0.015315763444461394,0.846204102039,0.922301542523258
0.012483767062657879,0.014604937747497049,0.761413216591,0.8819188792017063
0.010676216565402998,0.013566344508294526,0.658724606037,0.822915439559795
0.01806801156228184,0.013698828189947276,1.07865929604,0.8304419596822815
0.02164621514218827,0.017116296171178602,1.281940341,1.0245914670616834
0.010698675222612888,0.016767516281400052,0.660000503063,1.0047769599013414
0.01866369371367853,0.010228526605770893,1.11250054836,0.6332909265998747
0.010136634893179057,0.015265456681800016,0.628070473671,0.919443568946856
0.011164379180775928,0.012679810156499771,0.686457574368,0.7725506055302882
0.014923927552121956,0.013734179528777757,0.900040984154,0.8324503018399356
0.01200575522318035,0.016491387936170554,0.734256923199,0.9890898539813379
0.016879190461298443,0.014031700790920087,1.01112127304,0.8493527590969072
0.014619743159461672,0.015458958263466771,0.882759988308,0.9304365722358582
0.012320558324115957,0.013960864574854792,0.752141177654,0.8453284883417083
0.015784679773237068,0.012681819201854738,0.948941111565,0.7726647412495142
0.011049044334063354,0.01505240761200799,0.679905295372,0.9073400548320409
0.011775160021241016,0.01318455448138689,0.721156597137,0.8012255960693582
0.01052986913118438,0.014083218446456991,0.650410473347,0.8522795246141741
0.0116969009490249,0.01466207237307171,0.716710627079,0.8851647499664209
0.015022334996429042,0.015231616250016566,0.90563160181,0.9175210628118035
0.01056922791220716,0.016215845148936037,0.652646481991,0.9734360141509926
0.01150248027956594,0.013461640397324448,0.705665409565,0.8169671024642958
0.01066532402223087,0.014362722980377773,0.658105790615,0.86815843492703
0.010685982293772711,0.014923794503329368,0.659279406071,0.9000334255294042
0.010758627226277382,0.01496691834921604,0.663406431675,0.9024833309802187
0.012825023033086398,0.015204242704861759,0.780800282955,0.9159659464694643
0.012398880346885693,0.015788706966133992,0.756590723991,0.9491699001070885
0.01541678313083683,0.014927689559410373,0.92804056406,0.9002547072571323
0.01153271332947013,0.015409970863781819,0.707382977009,0.9276535528867773
0.005925640338241578,0.013394839889055321,0.388839989901,0.8131721039904632
0.005105407286583777,0.012622497594008797,0.342241793871,0.7692946260052761
0.003195355723333207,0.015219042906797542,0.23373000323800003,0.9168067595892152
0.001649573801718625,0.01632361385712011,0.145912706852,0.9795584538401901
0.006033251677281452,0.01679397202677979,0.394953489304,1.0062799351921239
0.016117359780669506,0.019069387856407216,0.967840969563,1.135548406713044
0.012879972566533521,0.02147195346667785,0.783922016621,1.2720403745215236
0.013750473729193484,0.015625749829742075,0.833375990391,0.9399121549202413
0.01619630606302996,0.013846485258286911,0.9723259806630001,0.8388304938943556
0.01123590464269976,0.015171194933876198,0.690521001816,0.9140884721252797
0.022761910787996803,0.01271437312445034,1.34532403946,0.7745141596112705
0.011802345215442574,0.017868168001149876,0.722701013088,1.0673059990494203
0.011059248617909093,0.012123262948827263,0.680485010147,0.740932645450947
0.012477567482845299,0.012522801277855766,0.761061012745,0.7636307863511945
0.013296247754303705,0.015263433312750596,0.8075709939,0.9193286194853397
0.009442992246231713,0.015226355196451324,0.588663995266,0.9172221775073622
0.016614343866160668,0.013498368339744937,0.996075093746,0.8190536507413122
0.017482819070401456,0.01683919818806423,1.04541397095,1.0088492751193034
0.007377227518670365,0.015889577756902806,0.47130599618,0.9549004627471164
0.0175132178899437,0.010869523470960152,1.0471409559199998,0.6697065495966982
0.01890508598376871,0.017107453694587438,1.12621426582,1.0240891178125853
0.04415106756369374,0.016971393609478636,2.56046175957,1.0163594189118348
0.012718718442506336,0.02994173517859111,0.774761021137,1.753216483854534
0.01170562064911753,0.010183786386551263,0.717206001282,0.630749193489501
0.013171923569329919,0.01448298186165009,0.800508022308,0.8749904528669922
0.009079945943566271,0.014987556867423146,0.568039000034,0.9036558242310572
0.020129600045433044,0.01364941026304134,1.19578003883,0.8276344816847723
0.013110966455259635,0.018418117716542115,0.797044992447,1.0985491495085433
0.007705157382646931,0.01369467313185413,0.489935994148,0.8302059070004867
0.01653932150129044,0.011659339962681203,0.991813004017,0.7145767528085275
0.012187271030273894,0.017583402762322287,0.744569003582,1.0511282232397303
0.009812164686388377,0.014730059565408737,0.609637022018,0.8890271650564334
0.014159127703951606,0.013021158646842501,0.856591999531,0.7919429280359304
0.013416981659691527,0.01614731990608731,0.814429998398,0.9695430319152553
0.012469329354446489,0.015099534417998273,0.760592997074,0.9100173721376098
0.01520047665415487,0.013799040148215536,0.915751993656,0.8361350934404206
0.01214492839326655,0.015143117880069168,0.742163479328,0.912493388807678
0.011982504438236757,0.01360200567688219,0.732936024666,0.8249413834316595
0.014475565420793991,0.013861416079274935,0.874569118023,0.8396787276029126
0.01605839295307498,0.015452419179346366,0.964491009712,0.930065080837062
0.025091532213368323,0.015161891515252046,1.47767198086,0.9135599363342369
0.010967417407519043,0.017715050097516505,0.675267994404,1.0586072297486835
0.007935817633468787,0.010234485118498116,0.503040015697,0.6336294352024593
0.011520092793751654,0.01205757973451349,0.706665992737,0.7372011214770134
0.051328105716385436,0.016355402199429436,2.96819591522,0.9813643788799149
0.021177302804401183,0.0393404664457595,1.25530099869,2.287167074038164
0.07098311338310484,0.0154289789872053,4.08481502533,0.9287334219065145
0.02886987237252356,0.05138133763088093,1.69232296944,2.971220069369482
0.006335160407619382,0.018829889280255863,0.412105202675,1.1219422717519492
0.017312728787812887,0.015237712797253389,1.0357509851499997,0.9178674132821648
0.010362323099887098,0.01668828950459944,0.640892028809,1.0002760136535422
0.011517998638850982,0.014450208240537998,0.706547021866,0.8731285532299224
0.017754182096396003,0.013971385572782768,1.06083035469,0.8459261959357733
0.03219020322884918,0.017326447775503517,1.88095402718,1.0365303734914584
0.03228560688269507,0.0226455455460004,1.8863739967300002,1.3387132227577623
0.022470592438141947,0.019257816596922828,1.32877397537,1.146253217218407
0.006002104795246938,0.0127474732283408,0.393184006214,0.7763946070360404
0.010315694579728224,0.008623152504968257,0.638243019581,0.5420881435621878
0.01748489643837165,0.014816563834197272,1.0455319881399998,0.8939415523348939
0.010677596231584338,0.019075169575309525,0.658802986145,1.1358768714954075
0.013245254662814473,0.013222093490299569,0.80467402935,0.8033582217817085
0.014466269723185909,0.014271277882400568,0.87404102087,0.8629633545862514
0.014100389596689578,0.015454030918590433,0.853255033493,0.930156645229758
0.014838908640203013,0.014157983072872193,0.895210981369,0.8565269719838745
0.011933622288455455,0.014148492226759846,0.730158984661,0.855987788264394
0.006385077044727974,0.01320474420265172,0.414941012859,0.8023725927520547
0.0038354439783664616,0.012699460152209463,0.270094007254,0.7736669399064978
0.007726209619700314,0.01466156832536436,0.491131991148,0.8851361145513665
0.008021663295918004,0.017933740492138694,0.507916986942,1.0710312327291613
0.020626686950184665,0.017353897808497498,1.22402000427,1.038089835178473
0.021394813734794314,0.02068723128811656,1.26765799522,1.2274595839379427
0.04543649257557639,0.017087934234418345,2.63348793983,1.0229801992808085
0.06948340890201825,0.030001234857548464,3.9996154308299996,1.756596715482817
0.11616110182811999,0.046385332823612124,6.65141820908,2.687392429279383
0.036093044883566065,0.08222575106129648,2.10267806053,4.723519639053859
0.02167701264862291,0.02073671773602026,1.28368997574,1.2302709546765205
0.021811802362154582,0.03310385849443853,1.29134750366,1.932859625331312
0.022910297819983706,0.013934791229931465,1.35375404358,0.8438472375734791
0.041153920624652236,0.012409761491925186,2.39019107819,0.7572088918745745
0.02480583115078867,0.02612547076434324,1.46144104004,1.5364109833714519
0.027230856230182097,0.014535794821388226,1.599208951,0.8779908058103759
0.024976748183907507,0.01740186596508364,1.4711509943,1.0408149503872313
0.02193251003811426,0.013401250080397942,1.29820501804,0.813536272871697
0.026886082373254103,0.011753636401896417,1.57962203026,0.719933820474358
0.023026489843312504,0.014739072902424377,1.36035501957,0.8895392210438023
0.01322707139700598,0.01258951168143052,0.803641021252,0.7674206658942512
0.006609118045432597,0.00949608902505128,0.427668988705,0.5916804722331193
0.003823351178070566,0.011118070249031442,0.269407004118,0.6838267212525251
0.005941077910983687,0.014321626987323643,0.389717012644,0.8658237336655856
0.006437461343330738,0.017357791364015274,0.417917013168,1.0383110316578206
0.026294892792483093,0.01748796397505825,1.54603600502,1.0457062577278475
0.016993424722531132,0.02466109366006841,1.01761102676,1.4532183697247263
0.014312672484167016,0.014989267208785462,0.865315020084,0.9037529903010154
0.00998420853436243,0.011096321979620516,0.619410991669,0.6825911820124575
0.01396238730678804,0.012236808374015418,0.845414996147,0.7473832657600572
0.013248521796263919,0.015468245473233777,0.804859638214,0.9309641871867798
0.024356057877976154,0.01505425628336976,1.43588900566,0.9074450795568271
0.04424418821111892,0.01849860873012865,2.56575202942,1.1031219182139471
0.10832389288395433,0.02975193158839229,6.206179142,1.7424335668708713
0.015467995500072875,0.07954715413821956,0.930949985981,4.571346077826815
0.015060081194262573,0.012124221125166201,0.907775998116,0.7409870803323296
0.007195463056890905,0.03258469423097554,0.460979789495,1.9033654247846217
0.008348009429044598,0.011749887030652273,0.5264570117,0.7197208152365531
0.013061327849723256,0.014837921481575034,0.794224977493,0.8951548999770513
0.01616242188135029,0.017752466439418635,0.970400989056,1.060732886635049
0.010867454035484003,0.016857258190579927,0.669588983059,1.0098752805159743
0.011398760858166056,0.01282304620905994,0.699773013592,0.7806879777591591
0.011233193572429948,0.013973414378493088,0.690366983414,0.8460414542590087
0.010279029032985946,0.015037795604145643,0.63616001606,0.9065099331911423
0.016202361905763588,0.014683814710312548,0.972670018673,0.8863999521944356
0.010334985775185363,0.01693986822665794,0.639338970184,1.0145684328431432
0.008100186760445239,0.013479693140960869,0.512377977371,0.8179926954773413
0.009112933079958077,0.013365917112980963,0.569913029671,0.8115289744109848
0.0137228908973696,0.015749400334053254,0.83180898428,0.9469368540925742
0.007343871596995506,0.01743160034536162,0.469411015511,1.0425041879499257
0.015018803470686078,0.013755499541249883,0.905430972576,0.8336615114083994
0.014012729909276014,0.017043183669452677,0.848275005817,1.0204378784190622
0.010639927672782778,0.015849608885522892,0.656663000584,0.9526297943073422
0.010212942498408997,0.012922196412759046,0.63240557909,0.7863207922611439
0.004834565176319657,0.014226905230127374,0.326855003834,0.8604425032930509
0.004445308888372322,0.013853047677454988,0.304740995169,0.8392033109787281
0.0028823524834658233,0.015741457332949294,0.21594800055000002,0.9464856048753416
0.0028629899440514345,0.01674394058996098,0.21484799683100003,1.0034376031307257
0.0017431878240961286,0.017384614081853433,0.151231005788,1.039834854992364
0.006391991637859713,0.017485653920206845,0.415333837271,1.0455750213815576
0.012008625768171919,0.01923471063751281,0.734420001507,1.144940546357518
0.016530942783341242,0.019762459421566403,0.9913370013239999,1.1749224414350443
0.013004561143800825,0.018000771938984306,0.791000008583,1.0748393510364804
0.01215819207374711,0.013586515572368896,0.742917001247,0.8240613763102971
0.01215357779858399,0.013288562078354715,0.74265486002,0.8071343635621098
0.014569647113277906,0.01445454872653018,0.879913985729,0.8733751402416509
0.012066061848249375,0.015417320613360319,0.73768299818,0.9280710989377906
0.020914007940175137,0.013865761779176422,1.24034297466,0.8399256108216366
0.013767459885424374,0.017115344013724165,0.83434098959,1.0245373741186794
0.004458193816384316,0.012727382627747419,0.305472999811,0.7752532414900913
0.014799039959746962,0.010777869724241773,0.892946004868,0.6644996157285312
0.021715315958765323,0.018205653423077672,1.28586602211,1.0864788570761408
0.006379778706931476,0.020044893698770494,0.414640009403,1.190967793165443
0.018270045051243623,0.010136485067380852,1.09013700485,0.6280619619292444
0.009508455570382397,0.017243662274472493,0.592383027077,1.0318272528385068
0.00572296842568734,0.013967000679706576,0.377326011658,0.845677086116653
0.04649455279800209,0.01281073192629334,2.69359731674,0.7799883919997616
0.039366851088104914,0.03713731796782316,2.2886660099,2.1620041774070438
0.01484447137031063,0.026735705865659876,0.895527005196,1.5710790021961831
0.013287200711363937,0.011503297744801966,0.807057023048,0.7057118505188716
0.020113457426627696,0.013323606376039798,1.19486296177,0.8091252624291605
0.014798951828964855,0.016199495959025922,0.892940998077,0.9725072015960443
0.016289281924229335,0.012787166365602287,0.977608025074,0.7786496107662828
0.03133742684202745,0.012908857901363868,1.83250701427,0.7855630191288803
0.02379109559389412,0.021488884852182144,1.40379297733,1.2730022621450396
0.011796606223805942,0.014483851898257738,0.722374975681,0.8750398804489635
0.010697628145171351,0.009427984959002433,0.659941017628,0.5878114174397651
0.012119783845997732,0.012370236562261105,0.740734994411,0.7549634441730508
0.008856872282959909,0.01528919368576509,0.555365979671,0.9207920900308257
0.02085109726075457,0.014197190549244176,1.23676896095,0.8587543848711395
0.010019255202840737,0.019125918133101605,0.621402025223,1.138759943860579
0.011594145720177113,0.012751990691739712,0.710873007774,0.776651248297442
0.0044758839695844,0.013574394538833134,0.306477993727,0.8233727692179054
0.010475733758170888,0.01348105658844001,0.647334992886,0.8180701541859136
0.00868896428601892,0.017254547114611052,0.5458269715309999,1.0324456306440666
0.017110246251396122,0.016473347710255437,1.02424776554,0.9880649721115826
0.013474224691432711,0.01811747822267118,0.817682027817,1.08146954263164
0.012178346740912805,0.014647059036025256,0.744062006474,0.8843118284444935
0.012049023233232604,0.012997241251424763,0.736715018749,0.7905841587471895
0.00923514527404188,0.01429515026964423,0.576856017113,0.8643195669191194
0.015191816757087296,0.013930637729698825,0.915260016918,0.8436112733951764
0.019095450539625886,0.016756388254431265,1.13702905178,1.0041447664277052
0.007812038495324669,0.017012571153500966,0.496008008718,1.0186987531589837
0.0077790870309290905,0.010861793776161699,0.49413600564,0.6692674185073787
0.014631947172386453,0.013794504948689612,0.883453309536,0.8358774445732883
0.0214628800642025,0.018329087158374113,1.27152490616,1.0934912414008562
0.014684466814664536,0.018744414321819836,0.886436998844,1.1170863605437773
0.014902576824560712,0.012052781772016186,0.898828029633,0.7369285448031742
0.015010829734598389,0.012384674703517895,0.904977977276,0.7557836882917593
0.013689851302191913,0.013861820791421176,0.829931974411,0.8397017196731397
0.014494239700881989,0.013392379335657623,0.875630021095,0.8130323176829783
0.008767559094503406,0.014041932299862614,0.550292015076,0.8499340205547611
0.017984579004035987,0.012659067646586752,1.07391941547,0.7713722044147424
0.014028871478987319,0.017325181282817237,0.849192023277,1.036458422874074
0.010334704596084588,0.014574509836375427,0.63932299614,0.8801902415122557
0.013154725479591395,0.012210598746535961,0.799530982971,0.7458942726541435
0.016060311895628697,0.01515495535711775,0.964600026608,0.9131658867945558
0.013890939483878578,0.01613351792694262,0.841355979443,0.9687589287527623
0.01142291078676162,0.013622977747044684,0.701144993305,0.8261328260766634
0.011825333706439156,0.012904383767436967,0.72400701046,0.7853088394547391
0.016864875506718537,0.014399667533139038,1.0103080272699998,0.8702572890372499
0.01058963857824514,0.016545539425595335,0.65380603075,0.9921662500305246
0.013044782347332499,0.012910333680036024,0.793285012245,0.7856468594761121
0.010590230313403396,0.014376834652318538,0.65383964777,0.8689601320228466
0.019513696079518413,0.014390501744401485,1.16078996658,0.8697365721269781
0.013313990366289672,0.017566786547500657,0.808578968048,1.050184240753326
0.005671059403721277,0.013378944279432758,0.374377012253,0.8122690597499129
0.003582076940248625,0.011303749176595268,0.25569999218,0.6943753123483994
0.007694226544567449,0.014596955244613463,0.489315003157,0.8814653858519472
0.019356227381883185,0.018204741513293987,1.15184402466,1.0864270506404259
0.012058932698681265,0.02159497116410103,0.737277984619,1.279029123351016
0.018245647517144196,0.014017520891440594,1.08875095844,0.8485471859317004
0.03386063798970505,0.01484605775958614,1.9758529663100002,0.8956171294336062
0.014127056498036633,0.023508335714863327,0.854770004749,1.3877291278595778
0.013123147386320037,0.010280091005337555,0.797737002373,0.6362203476885765
0.017606298668802853,0.01253508262514269,1.0524289608,0.7643285010156206
0.0550466701334404,0.015510323518662883,3.17945098877,0.933354679749231
0.030713620484052788,0.03971283556201444,1.79706799984,2.3083217069070727
0.01768151408195654,0.019359902974092735,1.05670201778,1.1520528384428155
0.01448536787030678,0.015277076293520375,0.875126004219,0.9201036898035362
0.010778580451667973,0.011270389997400487,0.664539992809,0.6924801466166889
0.012409048958770407,0.012209743073260615,0.757168412209,0.7458456610663252
0.023169578537432494,0.014657308648462042,1.36848402023,0.8848941183785501
0.01501556466499368,0.0192451505455995,0.905246973038,1.1455336471629238
0.01724777641225993,0.012587241976625307,1.0320609808,0.7672917218712936
0.009891304017120304,0.012614074852033585,0.614133000374,0.7688161222667621
0.016213680414315094,0.011786045163533432,0.973313033581,0.7217749921081991
0.010438663229567102,0.01555537003183427,0.645228981972,0.9359138137014483
0.007696409354814852,0.01362103499976941,0.48943901062,0.8260224568124804
0.013882349881586197,0.01323484235612038,0.840867996216,0.8040824966051597
0.012761544749554009,0.017349993585536128,0.777194023132,1.0378680326718184
0.010972117715100163,0.015658071994674838,0.675535023212,0.9417484069154599
0.010684689709173821,0.013702018251831483,0.659205973148,0.8306231900395898
0.018164714095766133,0.014533667717779197,1.08415305614,0.877869963092871
0.015476093038903694,0.017606413825552947,0.931410014629,1.052435502961163
0.0230110816475447,0.014333575312661218,1.35947966576,0.8665025290459781
0.012518718256132502,0.015621966559415945,0.763398826122,0.9396972238443292
0.00851130524916897,0.01100626187495557,0.535733997822,0.6774747844188986
0.011018833316859093,0.011713347956693987,0.678188979626,0.7176449967510365
0.012881011250571428,0.015599470169938234,0.783981025219,0.9384191832134001
0.01966468296914624,0.016357331774531136,1.16936767101,0.9814739998207705
0.016952534144932446,0.01739192831956138,1.01528799534,1.0402503835812644
0.015379861585204666,0.013692244004473109,0.925943017006,0.8300679060339884
0.022302843915993124,0.011983464121641862,1.31924402714,0.7329905451652013
0.01618609758249121,0.015688660380535513,0.9717460274700002,0.9434861613228154
0.019786702114928983,0.012088162075795106,1.1762996912,0.7389385324862587
0.029262157106384735,0.012926703306165965,1.71460902691,0.7865768330315536
0.02209325426276098,0.018695280503667755,1.30733704567,1.1142950230265614
0.009971499867879449,0.012715893657801569,0.618689000607,0.7746005425130903
0.039538823592209726,0.009183841050717678,2.29843592644,0.57394137687655
0.03091029058638835,0.028404414589399796,1.80824100971,1.6658798835659876
0.014560863413467202,0.020324333282047302,0.879414975643,1.2068430135723216
0.026733347556708902,0.01072433310020715,1.57094502449,0.6614581507491482
0.026866613867050693,0.017532674441370855,1.57851600647,1.0482463005481368
0.009995122061052429,0.01671649291235644,0.620030999184,1.001878275255557
0.01655812063330362,0.008499488025593083,0.9928810000419999,0.5350626504535825
0.007093496808265861,0.014609775009826853,0.455186992884,0.8821936885352697
0.016989691755136285,0.01266930954077039,1.01739895344,0.7719540558677205
0.013829173455249732,0.017226650539645005,0.8378469944,1.030860800495847
0.007679475657369847,0.015341055565606387,0.488476991653,0.9237384112482464
0.02101958650120929,0.011921559989607644,1.24634099007,0.7294737143403921
0.020373407518354723,0.019242115597907672,1.20963096619,1.1453612289859207
0.021127137512536268,0.016687172408919926,1.2524510622,1.0002125504178765
0.0258317949869653,0.012085505061841362,1.51972699165,0.7387875850734219
0.01780641846113879,0.014784088905958948,1.06379795074,0.892096621715418
0.02674302935097192,0.010676639534563437,1.57149505615,0.6587486353050391
0.02157870487592451,0.015719553067642167,1.27810502052,0.9452412033645617
0.020064435736513266,0.012892611039451607,1.19207799435,0.7846400199218503
0.013698862673153057,0.011107327122545696,0.830443918705,0.6832163943302607
0.023759811269978597,0.010427708166895089,1.40201568604,0.6446066147595599
0.01943825404444914,0.016308984244574276,1.156504035,0.9787273320609885
0.01954476217515081,0.013570909772410156,1.16255486012,0.8231747964239922
0.009655768246335163,0.011306802957007811,0.60075199604,0.6945488004296327
0.021151511964806517,0.01022220542136254,1.25383579731,0.632931814284653
0.030621666520031253,0.017110741985638445,1.79184401035,1.02427592865944
0.029604582907780657,0.02146040654936865,1.73406255245,1.2713843835013752
0.08603578129779062,0.016855414292056503,4.93997097015,1.009770526940536
0.0412271447020601,0.061781942724325134,2.39435100555,3.562088035486414
0.03802749424331279,0.025256005550871263,2.21257591248,1.487015862830106
0.03228830116619283,0.031551529709898496,1.8865270614599998,1.8446703956254278
0.01552842382953852,0.019214484963096634,0.934382975101,1.14379150714314
0.015098929026670028,0.01072511470992743,0.909982979298,0.6615025547181066
0.013361886290818947,0.012355269470547992,0.811299979687,0.7541131498911549
0.017558420580262885,0.013109142728626288,1.04970896244,0.796941384855238
0.02287569180539834,0.015116547411673231,1.35178804398,0.9109838959965553
0.021564639625265385,0.01648152264771441,1.27730596066,0.9885293978470199
0.012906780057430962,0.013141141786046084,0.785444974899,0.7987592808146963
0.00761163647463549,0.00982983288403605,0.484622985125,0.6106407686188216
0.01083307674116072,0.01154109621273558,0.667635977268,0.7078592163374574
0.013730671585103417,0.01580373692614412,0.832251012325,0.9500237659949107
0.00957101372672734,0.016981008362216388,0.595937013626,1.0169056418809632
0.0050851157019960866,0.013836522399812923,0.341089010239,0.8382644947173512
0.01115651875566363,0.013447101581414156,0.686011016369,0.8161411389256862
0.013433193524178023,0.017705814144023613,0.815351009369,1.0580825267139595
0.006096435142399166,0.017587425749217234,0.398543000221,1.051356772834968
0.011399517313921135,0.013004513478834356,0.699815988541,0.7909973006923015
0.006586235521189833,0.016463514257743617,0.426369011402,0.9875063246066188
0.011167132218063886,0.01511187797607949,0.686613976955,0.9107186210546265
0.0022967080591394353,0.016663978937650592,0.18267700076100002,0.9988949079275621
0.011435892238959352,0.013988640469617897,0.701882481575,0.8469064625363153
0.03070682602155339,0.018563411565829524,1.79668200016,1.1068034270670541
0.011762317060264768,0.026631909121544783,0.720426976681,1.5651822134484301
0.007320161273040415,0.011249373392600459,0.468064010143,0.6912861739178597
0.01036223496910499,0.011700554984734657,0.640887022018,0.7169182162171843
0.012318988757126908,0.016049434281504737,0.752052009106,0.963982059318993
0.016715424610465244,0.016762501131138974,1.00181758404,1.0044920445903656
0.028315068208540902,0.016647816690345207,1.66080403328,0.9979767157543749
0.024614916826879392,0.020150359893703396,1.45059502125,1.1969594249536142
0.01817979914557344,0.014733723555858447,1.08501005173,0.889235319732574
0.01843582322128771,0.010539232701360923,1.09955501556,0.6509424264032019
0.012624669274472486,0.01149526236309284,0.769418001175,0.7052553530742722
0.02116197854266967,0.01128734222440686,1.25443041325,0.6934432182651569
0.02541979623988418,0.015933528700645683,1.49632096291,0.9573973563898375
0.011730809261768603,0.017235020576556126,0.718636989594,1.0313363100110688
0.014750739053356178,0.009340336632442714,0.890201985836,0.5828320351843482
0.016492903865474747,0.013285307453853257,0.9891759753230001,0.8069494653429798
0.04923024512740366,0.015302691364997623,2.84901452065,0.9215589056347037
0.07443773034856838,0.035033874021178635,4.28107500076,2.042505587139615
0.021061796942087475,0.05070103988084784,1.24873900414,2.932571726863973
0.011572776107462105,0.01405414859075882,0.70965898037,0.8506280393056397
0.012278362571733726,0.019790742366476044,0.749743998051,1.1765292216160448
0.014760297044911271,0.01307241375522783,0.89074498415,0.7948547780074124
0.02494817912677879,0.015607540758406646,1.46952795982,0.9388776807864598
0.027401229790165134,0.018827014629133165,1.60888803005,1.1217789601708532
0.017448441776095773,0.017107330180668567,1.04346096516,1.0240821008729577
0.019935464751803078,0.010188196205834554,1.18475103378,0.630999719389432
0.007994477052551996,0.012369289284779095,0.506372511387,0.7549096284657804
0.01130797882356405,0.010220217856154123,0.694615602493,0.6328188988723601
0.015449707316675016,0.01447640002912376,0.929911017418,0.8746165328918354
0.012731074585931297,0.017299301457501137,0.775462985039,1.0349881661331828
0.014156973746025875,0.01403661173957671,0.856469631195,0.8496317546186458
0.015396723938692422,0.014181019326886313,0.926900982857,0.8578356828169448
0.012294592272209536,0.014814476293799617,0.750666022301,0.8938229572399098
0.01536123766555604,0.013106579711451571,0.924884974957,0.7967957774860954
0.01791845155162295,0.014721358015896469,1.07016265392,0.8885328220046411
0.014488219530144585,0.015427937281123016,0.875288009644,0.9286742416233867
0.012302301616003708,0.01259198251761684,0.751103997231,0.7675610363764396
0.014267662842289714,0.012496624610361717,0.862757980824,0.7621436657324454
0.008052291885098015,0.01462174884091394,0.509657025337,0.8828739329208116
0.014034732175020572,0.012910852220986646,0.849524974823,0.7856763182656815
0.010894702180221575,0.016289155506593378,0.671136975288,0.9776008431715273
0.009875198119387623,0.014931716285634833,0.613218009472,0.9004834692871276
0.00578860696218498,0.014042729984152125,0.381054997444,0.8499793377348205
0.01441348044272164,0.014128357292507498,0.871042013168,0.8548439040823975
0.010593616003720902,0.018446373421673767,0.654031991959,1.1001543821726372
0.015081052120173197,0.01545756638355189,0.908967375755,0.9303574982543932
0.016171258039946877,0.015554847593027832,0.970902979374,0.9358841334710957
0.016431578490686032,0.015464717223224067,0.985692024231,0.9307637440502066
0.022954342220179665,0.013752981971105083,1.35625624657,0.8335184859269347
0.0221378924964793,0.0158727306435944,1.30987298489,0.953943362704759
0.010249667848176333,0.013806783732114303,0.634491980076,0.8365750135823367
0.009525491037870605,0.009311629031792501,0.593350827694,0.5812011299191362
0.014564789429321537,0.01286148285115285,0.879638016224,0.7828715988402168
0.019004048442196584,0.016934935298505094,1.13183641434,1.014288188645956
0.03149174591414567,0.017066221682185745,1.84127402306,1.0217466891665776
0.03889299713241318,0.02091807906931109,2.26174592972,1.2405742592603428
0.04481140202633606,0.023770669857145155,2.59797596931,1.4026325723900117
0.04131235876069703,0.02697154579520955,2.3991920948,1.5844772860700718
0.03397408536914952,0.024528320574862317,1.98229801655,1.4456754083195051
0.039030330048106895,0.020565037109591344,2.2695479393,1.220517619976439
0.03460058391225783,0.02380482685196572,2.0178899765,1.4045730627631166
0.024644260175611683,0.019950904188667407,1.45226204395,1.1856281624255023
0.022717446717443385,0.014743542079001415,1.34279799461,0.8897931190863264
0.022173837259445127,0.013540718251514372,1.31191504002,0.821459588281255
0.02155506484686783,0.01153208985036347,1.27676200867,0.7073475565860189
0.021528749419414343,0.01146194367432285,1.27526700497,0.7033624876409317
0.020387753948220236,0.011629333421102173,1.2104460001,0.712872053511351
0.013433141065392142,0.011465436377696037,0.815348029137,0.7035609113403052
0.011879988421471602,0.010318935459389555,0.72711199522,0.6384271369430877
0.009718256107922516,0.012345850216431531,0.604301989079,0.7535780333789781
0.01638482406943752,0.013797905304295588,0.983035862446,0.8360706219108495
0.018470569825564283,0.017036057908671465,1.10152900219,1.0200330573781706
0.019917404239643673,0.016234780537923488,1.18372499943,0.9745117510603479
0.0067494258991426135,0.013801673038129847,0.435640007257,0.8362846703443316
0.004837188115824965,0.009826250243899937,0.327004015446,0.6104372355290124
0.013233126190557557,0.013460859328109143,0.803984999657,0.8169227292019233
0.0065038038767975745,0.01925885752001366,0.421685993671,1.1463123530190684
0.009175297138784694,0.014930111664116064,0.573455989361,0.9003923092589692
0.006050718356024108,0.015699794208209328,0.39594578743,0.9441186843398531
0.006410318640764757,0.015553396781695872,0.416375011206,0.9358017115414836
0.008945430064860992,0.01604124712071031,0.560397028923,0.9635169391645969
0.01272125325124714,0.017450589382923543,0.774905025959,1.0435829726842683
0.010295293356258324,0.01766260506355022,0.637084007263,1.0556277790076756
0.00583914313760905,0.014887666914120912,0.383926004171,0.8979809838719699
0.009024234708506605,0.013580025864902812,0.564873993397,0.8236926900447646
0.017646538757576304,0.016582615978407933,1.05471503735,0.9942726031853825
0.010589021662875996,0.019648044380538465,0.653770983219,1.1684224174481732
0.009521128564886756,0.013560369900668556,0.593102991581,0.8225760165911709
0.017081400211965254,0.01333527807981505,1.02260899544,0.8097883426835151
0.013796432875179737,0.017748100042376258,0.835986971855,1.0604848275926655
0.010303214633560133,0.014474294175148339,0.637534022331,0.8744968973856109
0.0162539100112504,0.012460344347869912,0.9755985140800001,0.7600825505649986
0.007702904277624333,0.01622759531136686,0.489807993174,0.9741035517139196
0.018419856864011378,0.012804978158586389,1.09864795208,0.7796615151505811
0.019344291957944935,0.017556396524605056,1.15116596222,1.0495939739716267
0.013270794749359117,0.016805009813572802,0.806124985218,1.0069070020381605
0.007433044195901622,0.011130641645385575,0.474476993084,0.6845409138719236
0.01297997056136513,0.011663658404233113,0.789602994919,0.7148220874552761
0.007464305962675809,0.01644033478269269,0.476253002882,0.9861894772543784
0.008683613489436541,0.014482958655999356,0.545522987843,0.8749891345325752
0.010017124326779385,0.015247157354133734,0.621280968189,0.9184039672676904
0.012648467729174478,0.016576018507962642,0.770770013332,0.9938977948056293
0.015516525126778551,0.016577284047670338,0.933706998825,0.9939696912834215
0.013357574178274474,0.016216078154644542,0.811055004597,0.9734492514201554
0.009652265048331648,0.013788231069961299,0.600552976131,0.8355210197373718
0.016727806983318348,0.012796215803474897,1.00252103806,0.7791637176766261
0.014785292609208472,0.01677838510924068,0.892165005207,1.00539442803349
0.015206338399370176,0.014839702620008222,0.916085004807,0.8952560880938902
0.012130468652372838,0.013398260199768863,0.741342008114,0.8133664149960865
0.015421789797764818,0.012956988367881062,0.928324997425,0.7882973553144931
0.010398389567231945,0.014853497414728745,0.642940998077,0.8960397831026213
0.0165955783077796,0.013178905612048597,0.9950090050699999,0.8009046785932317
0.010120196406724173,0.015888175650466074,0.627136588097,0.9548208077875148
0.017364444761425082,0.013282514781958632,1.0386890173,0.8067908110774267
0.011205628576595371,0.015997288228096096,0.688800990582,0.9610195939391651
0.008259223975993074,0.013454016980267047,0.52141302824,0.8165340091114478
0.010540721805667267,0.012872524866640367,0.651027023792,0.7834989059222878
0.01949454442453522,0.015879885289904028,1.1597019434,0.9543498247591561
0.010445898345889028,0.01907598537123234,0.645640015602,1.1359232176140563
0.0201310542031354,0.012617622571295506,1.19586265087,0.7690176714695066
0.02204690587250322,0.016298676354321362,1.30470395088,0.9781417313104577
0.01464936768740035,0.016551382308250817,0.884442985058,0.9924981895821071
0.01263088249356376,0.010466661462101401,0.769770979881,0.6468195873804139
0.0126386107225293,0.011832884342885208,0.770210027695,0.7244359690792038
0.010378798307502662,0.0139950256085426,0.641828000546,0.8472692081665856
0.014812593212749529,0.013910086513733155,0.893715977669,0.8424437398651783
0.008317522478597027,0.016021128916251515,0.524725019932,0.9623740054175992
0.00813262832540755,0.01332767844278937,0.514221012592,0.8093566002961976
0.011706832447155887,0.014397126863739063,0.717274844646,0.8701129512657979
0.010365578692386754,0.017056288692953725,0.641076982021,1.021182386888753
0.007336320154158807,0.015470806025012829,0.46898201108,0.9311096544945212
0.020269889538729942,0.014142816016908144,1.20375001431,0.8556653175484891
0.013008010833836403,0.020002134975985575,0.791195988655,1.1885386306947316
0.019082638004770797,0.014236605920113332,1.13630115986,0.8609936084364956
0.014294682266694793,0.014527621135902447,0.86429297924,0.8775264512006902
0.014595857623159627,0.01296846774939131,0.881403028965,0.7889495095636258
0.009321131526041481,0.012874881162763918,0.58174097538,0.783632769277889
0.014309239580956297,0.012605953690133509,0.865119993687,0.7683547515704139
0.015060723289842601,0.015776293311528855,0.907812476158,0.9484646689419095
0.012067663939706087,0.01574732772969889,0.737774014473,0.9468191075279825
0.018802302427181478,0.013112896703330268,1.12037503719,0.7971546516198412
0.015666865724115738,0.016099443018743775,0.942247986794,0.9668231017963322
0.017740622548318714,0.013760407833079524,1.06006002426,0.8339403559933474
0.011681611310072355,0.013269613404186531,0.715842008591,0.806057871909386
0.006192860169051895,0.0118799216349319,0.404020994902,0.7271082010150933
0.004222411489294971,0.012213047758467432,0.29207798838599996,0.7460334032802892
0.010202149626933566,0.014874746636547975,0.631792426109,0.8972469709888157
0.01887782000300662,0.018616085928467196,1.12466526031,1.1097959061813554
0.01871985189770586,0.020299090698048916,1.11569094658,1.2054089590983117
0.021038561894663476,0.015498100491596611,1.24741899967,0.9326602783103194
0.011360810071064067,0.01328081237921408,0.697616994381,0.8066940960076641
0.06410344942282561,0.010330038925683738,3.69397497177,0.6390579351021513
0.013523545396690038,0.04767226807609859,0.820483982563,2.7605044077007315
0.014171713616873513,0.012996947686596538,0.85730701685,0.7905674810585918
0.011230887484004037,0.019988967218502962,0.690235972404,1.187790558249699
0.013842375234358727,0.013392232367635648,0.838596999645,0.8130239682941257
0.02174807332566018,0.014980607684681013,1.28772699833,0.9032610347513944
0.01603607278706897,0.017901137672163836,0.963222980499,1.0691790364621994
0.022726282876075178,0.012645382393086546,1.34329998493,0.7705947325437492
0.011959286177743228,0.014302739662926944,0.731616973877,0.8647507273499528
0.01106694012571395,0.01077528284625262,0.680921971798,0.6643526528045176
0.011428779876198503,0.012465504293939222,0.701478421688,0.7603756918593613
0.010871221625781035,0.014913240049965637,0.669803023338,0.8994338173011834
0.023119570621995628,0.01486987338962309,1.36564302444,0.896970117337223
0.016298681490244726,0.01958813274322657,0.9781420230869999,1.1650187820858875
0.011027458591112496,0.013539104968641746,0.67867898941,0.821367936193597
0.009600866974998512,0.010861633698689754,0.597633004189,0.6692583243585846
0.0135040684971006,0.013441131613346702,0.819377481937,0.8158019795346596
0.01300651470915111,0.016332431435943873,0.791110992432,0.980059388624163
0.017460524084641535,0.015243502854245028,1.04414737225,0.918196351759072
0.023724611421694842,0.015689072710983742,1.4000159502,0.9435095861958035
0.014480721070675995,0.017068959636425296,0.874862015247,1.021902234871689
0.010044179423180689,0.010832854388222568,0.622817993164,0.6676233451925442
0.011691538611510328,0.01124899862024531,0.71640598774,0.691264882754773
0.010564009311771538,0.01473846449634375,0.652350008488,0.8895046569333296
0.015590859232322389,0.014978656991817552,0.937929987907,0.9031502140910197
0.009531637109715248,0.01648102081671765,0.593699991703,0.9885008883653383
0.008574849630765937,0.01335739596371277,0.539344012737,0.8110448800634118
0.015574647367835892,0.0138925143989308,0.937008976936,0.8414454518194006
0.013317388646721424,0.01786217127707812,0.808772027493,1.0669653196251168
0.009033986797580022,0.015051737504341967,0.56542801857,0.9073019853976048
0.009679179555182564,0.012658491093574753,0.602082014084,0.7713394499064713
0.01926532888867161,0.014841549506804164,1.14667999744,0.895361011435846
0.01637407106665133,0.01904594652917191,0.982424974442,1.134216683296746
0.009064315322470292,0.014730099735021707,0.567151010036,0.889029447129188
0.01292781498307726,0.010990385402247949,0.786639988422,0.676572827364133
0.012086497694515839,0.0150686355804317,0.738843977451,0.908261980682564
0.011068841232260753,0.015310595078647404,0.681029975414,0.9220079228954361
0.011555860246006413,0.014202558389835751,0.708697974682,0.8590593368450187
0.010773177196299711,0.014914958504893994,0.664233028889,0.8995314443103102
0.008101965113430965,0.014798459397091124,0.512479007244,0.8929130225681648
0.009713609308291729,0.014230853223152318,0.604038000107,0.8606667924173792
0.010925383228205071,0.015808678645409913,0.672879993916,0.950304509623331
0.013630171035060111,0.016311995653681688,0.826541483402,0.9788984129893052
0.007084678485640986,0.01627031093515896,0.454686015844,0.9765302656911057
0.008928777546534363,0.013231401104724538,0.559450984001,0.8038869959400647
0.0014261853883793712,0.015320272003543689,0.133221805096,0.9225576779222218
0.00195575241527417,0.014344942782849035,0.16330699622600003,0.8671483255096861
0.0022458206721129074,0.016669041934499473,0.179786041379,0.9991825414473119
0.009198811266857353,0.018316824977013146,0.57479184866,1.0927946155703574
0.014057437388552271,0.020211811472882868,0.850814878941,1.2004505458334307
0.014091746486429262,0.019394855356672958,0.852764010429,1.154038515528001
0.028787230892970174,0.015543226680698075,1.68762803078,0.9352239387255962
0.0369176047363171,0.020737525054505657,2.14952206612,1.2303168191841323
0.013379224970107857,0.02347231690123741,0.812285006046,1.3856828658432934
0.02090163396077847,0.009234306358938182,1.23963999748,0.5768083575723663
0.036546465091373034,0.016127048329312554,2.12843728065,0.9683913849455581
0.036736600926950524,0.024483232635510666,2.1392390728,1.4431139209077866
0.016295970419957312,0.021819022589688153,0.9779880046840002,1.291757691444204
0.011293234756023398,0.010704632383430335,0.69377797842,0.6603389348623435
0.011787876031963176,0.011814878013869157,0.721879005432,0.723413012923542
0.012513739916961563,0.013883034415938189,0.763116002083,0.8409068852437694
0.014158089019896097,0.015158575764617988,0.856532990932,0.9133715654831475
0.018608026544036323,0.015267446234627613,1.10933804512,0.9195565972776274
0.010480997473153213,0.016018453341057226,0.647634029388,0.962222003523571
0.015348951816906275,0.01178632900427079,0.924187004566,0.7217911173622278
0.012947036932941261,0.014749082873678265,0.787732005119,0.8901078967412771
0.022062097938175988,0.01438629444105044,1.30556702614,0.8694975513439049
0.015112800179934048,0.017044020253776937,0.910771012306,1.0204854055459667
0.014394505049179444,0.012613663309172019,0.869964003563,0.7687927421372985
0.009190189140114912,0.012025389752565507,0.574302017689,0.7353723789190507
0.014218292825757468,0.012447273888941623,0.859953224659,0.7593400057405595
0.00748775189431978,0.015848954417868155,0.477584987879,0.9525926133963692
0.0185847810049678,0.013626227999788743,1.10801744461,0.826317475932224
0.02180084477008233,0.018190287178222908,1.29072499275,1.0856058865361946
0.014204294722204155,0.017932364110349264,0.859157979488,1.0709530392104942
0.004465674964445821,0.010766452076505839,0.305898010731,0.6638509686320442
0.014991890013017217,0.010550193476335012,0.903901994228,0.6515651181367903
0.010263450870675846,0.018177412804697646,0.635275006294,1.0848744815043185
0.017095727756729812,0.015636980979143678,1.02342295647,0.9405502068743784
0.01092867449268335,0.016229675600901494,0.673066973686,0.9742217348806892
0.014051525282897586,0.013404272733886557,0.850479006767,0.8137079926036789
0.00813220550755673,0.014475764026794291,0.51419699192,0.8745804010130185
0.02597665469000786,0.013354037142830455,1.52795660496,0.8108540623518024
0.07115157744319026,0.02146491930811467,4.09438562393,1.271640757487108
0.016599573569227075,0.05211818917982303,0.9952359795569999,3.01308128534123
0.014343123762635962,0.012563325428196936,0.867044985294,0.7659330007007997
0.019166334955134146,0.02111561827627151,1.14105606079,1.2517966437655121
0.027636570414249897,0.014881498940582771,1.62225794792,0.897630575607566
0.03393724251162576,0.01837093081872987,1.98020493984,1.095868418331156
0.02329390377164114,0.020293203221203315,1.37554705143,1.2050744861096667
0.03167817186398147,0.012960876541639355,1.8518650531800003,0.7885182460511214
0.024092639211147793,0.0189602719316031,1.42092394829,1.1293494304053466
0.02705428833613833,0.013363511430692476,1.58917796612,0.811392305381813
0.028533254808304598,0.015393024139167766,1.67319941521,0.9266907938342909
0.03646719776124017,0.01574154985238141,2.12393403053,0.9464908609895955
0.028096764101091198,0.021390227216348867,1.64840197563,1.2673974308777265
0.02028734992227466,0.015720958644727334,1.2047419548,0.9453210554949014
0.013023641454932384,0.012525106200742542,0.792083978653,0.7637617311458414
0.020679624164491307,0.010017739570692852,1.22702741623,0.6213159207630617
0.020678279121018522,0.015133899256792205,1.22695100307,0.9119696703185018
0.018995380151637372,0.014828458465554029,1.13134396076,0.894617297310723
0.02112738301972883,0.011502088752425976,1.25246500969,0.7056431665471379
0.01874099279007077,0.012607111603835985,1.11689198017,0.7684205337156039
0.018837718405560266,0.011861099910428718,1.12238705158,0.7260389214899032
0.017390214617378663,0.01186635973677208,1.04015302658,0.7263377370747378
0.013323707832566518,0.012113469373288277,0.809131026268,0.7403762633935818
0.012601574816722085,0.011580153134429949,0.768105983734,0.7100780760746555
0.013132916262200709,0.013094863448981586,0.79829198122,0.7961301658112039
0.012576337941995747,0.01449121667452169,0.766672253609,0.875458280179834
0.01769309698283677,0.014347253869242849,1.05736005306,0.8672796204588515
0.014232669681761742,0.016047633501522718,0.860769987106,0.9638797553476528
0.017929266455815912,0.013439743144972427,1.0707770586,0.8157230993659623
0.00841303209935515,0.014184012461660345,0.5301510095599999,0.8580057255635308
0.010706041485917119,0.011491668906176145,0.660418987274,0.7050512054731837
0.01652356707745133,0.014441550801914005,0.990917980671,0.8726367161583692
0.0053502760007023,0.01777094095318099,0.356153011322,1.0617824407978778
0.016011447581836705,0.01209938163073665,0.961823999882,0.7395759257484282
0.02099297310781257,0.017677101164568665,1.24482905865,1.0564513158738906
0.013834032188388155,0.01903804564907574,0.83812302351,1.1337678270128073
0.01535620372005306,0.011513975665907061,0.924598991871,0.7063184730633332
0.013394732837642764,0.012908113358731654,0.813166022301,0.7855207209753756
0.016737312516052354,0.013500380731306105,1.00306105614,0.8191679765615981
0.014487268976853583,0.014750650085600281,0.875234007835,0.8901969314957472
0.013147842886327494,0.013520773351773041,0.799139976501,0.8203265001350668
0.014593976450948643,0.012960431983292775,0.881296157837,0.7884929902815097
0.017793784286176822,0.014408545644395199,1.06308019161,0.8707616627245264
0.015023626531845876,0.01535389496037265,0.905704975128,0.9244678291045686
0.01124356152769045,0.013003091307607129,0.690955996513,0.7909165058334492
0.022949304077878055,0.012107715564114718,1.35597002506,0.7400493841886451
0.012410309018901632,0.018276655467991176,0.757239997387,1.090512548721123
0.03505585906302367,0.012254320231730231,2.0437545776400006,0.7483781305451266
0.014177100085434519,0.024046813731646965,0.857613027096,1.4183205605422953
0.04070974575383795,0.011656581866694271,2.36495709419,0.7144200628321741
0.0726450498200142,0.027947160919534975,4.17923116684,1.639902880931513
0.038396896452984,0.050355071719290434,2.23356199265,2.912916956576666
0.013186551178366616,0.022734220167720087,0.801339030266,1.343750909787599
0.01381926398980107,0.016566067129393458,0.83728402853,0.993332447812603
0.01466186546954015,0.013845776698368173,0.885152995586,0.8387902399519844
0.014994230724239697,0.014561307520036815,0.904034972191,0.8794402057467458
0.022015848170503283,0.014190645925826084,1.30293953419,0.8583825787797337
0.011805319628841451,0.016447913283377025,0.722869992256,0.9866200188666536
0.013179034882926316,0.01113781975778494,0.800912022591,0.6849487090565177
0.017262884543720384,0.01308045084336329,1.03291928768,0.7953113723956654
0.02234481094804286,0.016084610919381515,1.32162821293,0.9659804765543694
0.0155705461396346,0.016378831566983054,0.93677598238,0.9826954228556676
0.011416310421798151,0.011338710629626547,0.700770020485,0.6963615047342738
0.012501699575451549,0.011242846106502169,0.762431979179,0.6909153527755791
0.019234682463572697,0.01418583168472276,1.14493894577,0.8581090773032753
0.012672952344856355,0.01721911543544552,0.772161006927,1.0304327242778935
0.014522139383802875,0.012649282621942204,0.877215027809,0.7708163081415753
0.020969666716536932,0.013467599427727572,1.24350500107,0.8173056404765258
0.010314655895690318,0.01681609901904424,0.638184010983,1.0075369900267335
0.012226893154425739,0.011131433236142962,0.746819972992,0.684585884872804
0.011120996810548624,0.013592893047429833,0.683992981911,0.8244236865493997
0.02406766463026285,0.014882614737192768,1.41950511932,0.8976939650418946
0.009891550573424508,0.019718675777963934,0.614147007465,1.1724350522675733
0.01201474561062362,0.011468287790714626,0.7347676754,0.703722902743278
0.010998890583218639,0.013441826930943757,0.677056014538,0.8158414811685247
0.01798647171719676,0.015039134523652686,1.07402694225,0.9065859984430015
0.009917812492927659,0.01709833223567525,0.615638971329,1.0235709193205706
0.0161419503631052,0.012697718498747346,0.969237983227,0.7735679949672759
0.016535783680490353,0.015368519598654151,0.9916120171549999,0.9252986682912265
0.01332062745241382,0.015508489033766004,0.808956027031,0.9332504609705973
0.04194519222738125,0.012482138694998257,2.4351439476,0.7613207075226827
0.013556356271535229,0.02987204774866603,0.822347998619,1.7492574766992963
0.009533784772583856,0.011403885828571214,0.593822002411,0.7000641678866297
0.009224037649815955,0.013114519961164417,0.576224982738,0.7972468703942616
0.006516794246998762,0.014481921944962117,0.422423988581,0.8749302380225624
0.010990652454819831,0.014860639481696136,0.676587998867,0.8964455305129864
0.008798239093287245,0.01718568129473863,0.552034974098,1.0285332999135555
0.014950014259242944,0.015725813758915352,0.901522994041,0.9455968790089917
0.012265196464585753,0.01713561450364187,0.748996019363,1.0256889593430254
0.014267670186511287,0.014833765972986912,0.862758398056,0.8949188217022217
0.01576943419964917,0.014515578885195835,0.9480749964709999,0.8768423198334708
0.01766236032860924,0.015044022840859261,1.05561387539,0.9068637082511937
0.0337579656457115,0.014546925310829906,1.97002005577,0.8786231391793677
0.01561180602720418,0.022566705530787212,0.93911999464,1.3342342487923908
0.016842607799516008,0.010867787691262842,1.00904297829,0.6696079383514715
0.012853234321229217,0.013109256901785438,0.782402992249,0.7969478711376923
0.016969732234723773,0.012417295072904233,1.01626503468,0.7576368815569703
0.014540796877083617,0.014643683171108313,0.878274977207,0.88412004244556
0.012025206942541299,0.013639731282467649,0.735361993313,0.8270846098730575
0.018619519215787937,0.012619152025612035,1.1099909544,0.7691045611795915
0.012682791515529824,0.016194213288533987,0.772719979286,0.972207088214064
0.019587484613703163,0.012945907614996921,1.16498196125,0.7876678475251988
0.011679481483193059,0.015215299533560156,0.715721011162,0.916594095103705
0.025052930937282676,0.012258924505759605,1.47547900677,0.748639703598496
0.013787016522357086,0.018069758272267977,0.835452020168,1.0787585282450143
0.01200943573189493,0.012211252550005103,0.734466016293,0.7459314158321203
0.012919943017050375,0.011810723752121666,0.786192774773,0.7231770054828783
0.019208738444278194,0.01451892011260636,1.14346504211,0.8770321380437244
0.015357964237049472,0.0168632491771743,0.924699008465,1.010215633988897
0.05116209253096933,0.013278485050763233,2.95876455307,0.8065618783322613
0.036720493979982984,0.036223329578073615,2.13832402229,2.1100796541650055
0.03496709879016543,0.023054843681839188,2.03871202469,1.361965827282758
0.02513620611892445,0.022530127053980387,1.48020994663,1.332156191794714
0.015570354140462784,0.014652723013161673,0.93676507473,0.884633604208563
0.029285581005346378,0.010774465161876412,1.71593976021,0.6643061994010901
0.016708109756659227,0.018425960353667836,1.00140202045,1.0989946969556228
0.014740547359624686,0.011661573404512682,0.889622986317,0.7147036366985079
0.012270441294431918,0.011468564776930812,0.749293982983,0.7037386385856381
0.018710927608309565,0.012668376807882131,1.11518394947,0.7719010664522331
0.01572907240656711,0.016073436320414913,0.945782005787,0.9653456372825918
0.010438470181213232,0.013733190388050653,0.645218014717,0.832394107843108
0.019585021148849198,0.011538947952738576,1.16484200954,0.7077371717060426
0.020984558717902353,0.0169205749560446,1.2443510294,1.0134723643486059
0.015002609442188891,0.01619005764605408,0.904510974884,0.9719710023327185
0.008894893364837096,0.010843760523348456,0.557525992393,0.668242932785971
0.009252366445644783,0.011135072211956087,0.577834367752,0.6847926184443734
0.011754512241466914,0.014419209435763802,0.719983577728,0.8713674825456283
0.01247260383211751,0.016502843621170493,0.76077902317,0.9897406620098685
0.008594141875405133,0.0157547583827502,0.540440022945,0.9472412497798901
0.013180007468882043,0.013739704543555886,0.800967276096,0.8327641830242888
0.012652779841718953,0.016232411881982323,0.771014988422,0.9743771855321106
0.010891798061615492,0.015551478973534705,0.670971989632,0.9356927590913704
0.047821290156381015,0.013896552115374439,2.7689704895,0.8416748382138819
0.05340406371140735,0.03585085772336116,3.08613300323,2.088919184629587
0.01873159427320223,0.035282877785132394,1.11635804176,2.0566517205848274
0.017004864935532066,0.012912309652943321,1.01826095581,0.7857591163190888
0.012181849938898717,0.016939565449904048,0.744261026382,1.0145512318165537
0.018696895931124138,0.01148591947855726,1.11438679695,0.7047245751884084
0.023381375656505495,0.015489793880560043,1.38051640987,0.932188372077518
0.020716078826943207,0.016867721483287967,1.22909843922,1.0104697098232829
0.026773726136633424,0.012341213378926685,1.57323896885,0.7533146103645393
0.021006507475520554,0.014942231227390357,1.24559795856,0.9010808328244511
0.013688619569800135,0.011890249674157749,0.829861998558,0.7276949464473567
0.008545876641010575,0.009916698218721987,0.537698030472,0.6155756683838649
0.014208202902069178,0.011506855723748988,0.85938000679,0.7059139825837877
0.01307435021977468,0.016279513573848492,0.794964790344,0.97705307608113
0.013379295264883052,0.015383109960929842,0.812288999557,0.9261275602263871
0.020370415268913724,0.014156521368577035,1.20946097374,0.8564439312149784
0.017451083600666835,0.016832438532152327,1.04361104965,1.0084652528336353
0.016532861725877358,0.013528174423612205,0.991446018219,0.8207469618510345
0.023330849448302143,0.011925927595207275,1.37764596939,0.7297218420420276
0.01227470094817291,0.015596410117202808,0.74953597784,0.9382453387957199
0.012370298699695538,0.010625330549939749,0.754966974258,0.6558337245747747
0.01408218849487417,0.012577103252534139,0.852221012115,0.7667157316064054
0.02218638750037081,0.015152093366902486,1.31262803078,0.9130032944912863
0.01580331838134644,0.017630903346731897,0.949999988079,1.0538267752419752
0.013926883197662346,0.012420087286489911,0.843397974968,0.7577955097855695
0.010223299961919365,0.011657377383375467,0.632993996143,0.7144652568684062
0.011136065073407852,0.012672317735536787,0.684849023819,0.7721249541863601
0.013684077687758712,0.014646676565081895,0.829603970051,0.8842900999175115
0.018756554165538408,0.016061890639670118,1.11777603626,0.9646897165128077
0.01774863195642023,0.016700230975186248,1.06051504612,1.0009544196092226
0.016624833525835395,0.013898242673900718,0.9966710209849999,0.8417708804026824
0.01092054233105596,0.012238912746372677,0.672604978085,0.7475028170941878
0.014042759419076197,0.011549222501543221,0.84998100996,0.7083208782981519
0.013039237453231796,0.014577780868866297,0.792970001698,0.8803760718843945
0.0122996786764984,0.014675880711719547,0.750954985619,0.8859492144181521
0.015902350085261845,0.013914123270951428,0.9556260704990001,0.8426730717651821
0.00979362889750426,0.015545830641226832,0.608583986759,0.9353718721244372
0.012780131948059555,0.012845591391389632,0.778249979019,0.7819687903570027
0.008055055414171316,0.014826420292680664,0.509814023972,0.8945015068303174
0.01028381642216712,0.014028268751402173,0.636431992054,0.8491577817670919
0.009669990873510356,0.015503460390582813,0.601559996605,0.9329647791142741
0.01062180420998174,0.01575792774720397,0.65563338995,0.9474213042970896
0.010321185965878594,0.015626421845277738,0.638554990292,0.939950332742511
0.014505839388551873,0.01537519287567668,0.876289010048,0.9256777833125364
0.013105738412238329,0.016510802896070764,0.796747982502,0.9901928357564761
0.011094418039966074,0.014736855895471468,0.682483017445,0.8894132708344287
0.01320786728313129,0.013461016379223478,0.802550017834,0.816931651420551
0.01307551900163044,0.01511850297194961,0.795031189919,0.9110949931791462
0.026978934431657546,0.014904007785530027,1.58489704132,0.8989093238452055
0.0169912235517826,0.02026377455102435,1.01748597622,1.2034026162196032
0.015236139188837865,0.012598697101966927,0.917778015137,0.7679424981051189
0.02073583900399753,0.011302733327123393,1.2302210331,0.6943176010031523
0.01717451666266221,0.01503354705596438,1.02789902687,0.9062685692512312
0.015144219847665707,0.012714597668464611,0.912555992603,0.7745269161637811
0.013050291569472183,0.011645031516693383,0.793597996235,0.7137638767976455
0.01721920735513121,0.012609259770432368,1.03043794632,0.7685425730408433
0.00845504844267981,0.015105520791626637,0.532537996769,0.9103574635436797
0.009867453103614825,0.011981140114829758,0.612778007984,0.7328585161951585
0.014467818306674688,0.014329441637291662,0.874128997326,0.8662676911364283
0.00553633159149076,0.017310429638168534,0.366723001003,1.0356203683385785
0.012092324816916975,0.012910750556378359,0.739175021648,0.7856705426055363
0.00894588750550838,0.016691298263247,0.560423016548,1.000446944006791
0.012737320329472635,0.015725769658282207,0.775817811489,0.945594373611356
0.013344125842843672,0.01605358787249478,0.81029099226,0.9642180286533074
0.01041264786638576,0.015800689091509668,0.6437510252,0.9498506156988136
0.011818974651904821,0.013658512593585748,0.723645746708,0.8281515934765745
0.015123643411848853,0.014906596405857897,0.91138702631,0.8990563857530883
0.010747653896562325,0.016243284096999266,0.662783026695,0.9749948460928695
0.016719268790629793,0.013443027767366722,1.00203597546,0.8159097017930463
0.013558010821777823,0.015860939310367916,0.822441995144,0.9532734861909654
0.0172216540330723,0.014093549445100884,1.03057694435,0.8528664381737054
0.011017513453702811,0.014475396221893533,0.678113996983,0.8745595056774408
0.008469271069854999,0.0124286137229348,0.5333459973339999,0.7582799045025262
0.004731433293367414,0.013012288439952835,0.320995986462,0.7914390034030032
0.012474082120831096,0.014328754180239711,0.760863006115,0.866228636067379
0.012177009041749606,0.018566036367553718,0.743986010551,1.1069525444734263
0.008706796077951447,0.016869522426729677,0.546840012074,1.0105720230809188
0.011410976412023028,0.013682426802172465,0.700466990471,0.8295101817185064
0.013790546998935595,0.01572267762412305,0.835652589798,0.9454187122995025
0.021511005758123113,0.016462136784746395,1.27425897121,0.987428069095431
0.014807823659557665,0.017747829469682008,0.893445014954,1.0604694561084007
0.010015100466653907,0.012345925489450682,0.621165990829,0.753582309708608
0.012987240300483623,0.01133703998227431,0.790015995502,0.6962665937176314
0.01787149463947009,0.015043329579743858,1.06749498844,0.9068243234479475
0.010871185953802412,0.016966582801821506,0.66980099678,1.0160861124926208
0.021360260178959624,0.01238319334743121,1.26569497585,0.755699531086465
0.010312508232821708,0.01696309796114792,0.638062000275,1.015888135480462
0.015535817371417748,0.012100605276252452,0.934803009033,0.7396454421785469
0.013174264280552399,0.014449930961063284,0.800641000271,0.8731128007272749
0.018192101780942452,0.01445285924574069,1.08570897579,0.8732791592800712
0.005289565442936223,0.015290508610711129,0.352703988552,0.9208667921295481
0.0094378344979856,0.011060715446378877,0.588370978832,0.6805683420249818
0.00766301776116137,0.015380949119114584,0.487542003393,0.9260048008102753
0.007243133933216077,0.01625854815587502,0.463688015938,0.9758620113531186
0.005483190312550693,0.015618299234401611,0.363703995943,0.9394888797284974
0.014483577976388865,0.015744337781242734,0.875024318695,0.9466492457990532
0.010408721850531424,0.01931985735266406,0.643527984619,1.1497778097619973
0.007590338205860129,0.01548240221338193,0.483413010836,0.931768444649017
0.0028144254322404715,0.01356402982798377,0.212089002132,0.822783940436894
0.007108634841318055,0.014323325215346738,0.456046998501,0.8659202115655726
0.0067696860084622956,0.01783699812197681,0.43679100275,1.0655352094707726
0.011823105257027613,0.017485819574974304,0.723880410194,1.0455844323816528
0.008869247311556236,0.017938596949958363,0.556069016457,1.0713071325762047
0.007439486659907619,0.015410415195897587,0.474842995405,0.927678795804008
0.0037891501452938983,0.014664442093585306,0.267464011908,0.8852993759739997
0.01595898774256608,0.014953933599743952,0.958843708038,0.9017456553890218
0.012932356865136285,0.020499908670141398,0.78689801693,1.2168176132740967
0.030665971115792508,0.016470153151468825,1.79436099529,0.9878834862811018
0.02262732251618743,0.021865687022483593,1.33767795563,1.2944087409022036
0.02038789453773542,0.014867477059829826,1.21045398712,0.896833979631929
0.009034901678874798,0.01187074021335266,0.56547999382,0.7265865959886697
0.006136920213659735,0.009503813816861273,0.400842994452,0.5921193247791432
0.003882468037783559,0.012797806534013079,0.272765487432,0.7792540885453678
0.009354646397855867,0.015391362355659632,0.583644986153,0.9265963863808057
0.014102593915054683,0.018486789234473333,0.853380262852,1.1024504417666021
0.014325803968500818,0.018814007925983978,0.866061031818,1.1210400373710163
0.019470747018874458,0.015555038181727099,1.15834999084,0.9358949609908495
0.012749081590210778,0.015777853413742493,0.776485979557,0.9485532997872906
0.017894589097202887,0.01206478830712876,1.06880700588,0.7376106471345616
0.009446231051924108,0.014391242474538934,0.588847994804,0.8697786536891395
0.027048841015299804,0.012110174378394012,1.5888684988,0.7401890716952095
0.006699188738826233,0.020597405023168314,0.432785987854,1.2223564709943213
0.006115093684861962,0.01080096252239282,0.399603009224,0.6658115388861616
0.008842244673940814,0.013311566644234274,0.554534971714,0.8084412741630348
0.010033265896490689,0.017346969749496566,0.622197985649,1.037696245758027
0.01931588237560838,0.01691796164238113,1.14955198765,1.013323899589557
0.018817880589561985,0.018996004128907895,1.12126004696,1.1313794094841294
0.016289950249219906,0.015497261222760406,0.977645993233,0.9326125986738156
0.029581337368712133,0.01169499400236762,1.73274195194,0.7166022916809384
0.039614020120262466,0.01921548830266584,2.30270791054,1.1438485077892806
0.017624747376034113,0.024921593344679804,1.05347704887,1.4680175970232856
0.013097501333021577,0.010867781212752448,0.796280026436,0.6696075703013219
0.008240212910472255,0.0124999903227212,0.520332992077,0.7623348749552276
0.009827003179750656,0.012159144098998986,0.610480010509,0.7429710866794544
0.006919565493023703,0.015232659366275048,0.445305794477,0.9175803232083414
0.010561612994234616,0.015099104231654392,0.652213871479,0.9099929328547243
0.019773350303666313,0.01674302202417466,1.17554116249,1.0033854185613633
0.01725026086057896,0.019636756395632338,1.0322021246,1.167781136616614
0.011744117007631416,0.014605546587456386,0.719393014908,0.8819534679612286
0.01351527264549466,0.011131630891925814,0.820013999939,0.6845971138800931
0.01579861912292977,0.013964141976509525,0.949733018875,0.8455146805519193
0.017371942171676414,0.015471263589747375,1.03911495209,0.931135649169027
0.009438046431493237,0.014682784894839873,0.58838301897,0.8863414474278043
0.015818385595041215,0.011471137850599389,0.950855970383,0.7038848172734704
0.008370945461237695,0.015597712169616251,0.527760028839,0.9383193095939952
0.012698392759704302,0.013329739725912892,0.773606300354,0.8094737036912255
0.01616162975361659,0.015403446755990924,0.970355987549,0.9272829123070706
0.02344075690861762,0.01696784444315025,1.38388991356,1.01615778749991
0.012802540244830072,0.01743032718341664,0.779523015022,1.0424318584458045
0.009765747050572685,0.010824010728633038,0.606999993324,0.667120928736218
0.007284833425443734,0.01181883107161652,0.466057002544,0.7236375897794213
0.015724584032493626,0.014083994831613156,0.945527017117,0.8523236317708275
0.01006274983487898,0.01835306055573316,0.623872995377,1.0948531922115239
0.005986966762194745,0.01446128612490849,0.392324000597,0.8737578980563111
0.008157869396844502,0.013085562443140963,0.515654981136,0.7956017670926183
0.016119077281448117,0.016333882148541257,0.967938542366,0.9801418049445727
0.022959793737570386,0.019306674346915464,1.3565659523,1.149028871048913
0.015051156904883881,0.01887512408928238,0.907269001007,1.1245121029653304
0.013449475683439717,0.011449673291853646,0.816276013851,0.7026653958979113
0.04273241820839944,0.011755068145359315,2.47986698151,0.7200151591407455
0.01902593844614781,0.03070954832758277,1.13308000565,1.7968366568758618
0.01748581131966643,0.013540010975668038,1.04558396339,0.8214194072882212
0.013997979546695842,0.01436960826103828,0.847437024117,0.8685495940705094
0.02612744223610148,0.01165146531179162,1.5365229845,0.7141293866300018
0.014939030437777752,0.01815341257732994,0.900898993015,1.083511006456118
0.007551401718088339,0.011710556006941042,0.481200993061,0.7174863835110181
0.014170780899571822,0.010562651844732818,0.85725402832,0.6522728895337628
0.014249884558325127,0.01639255238499704,0.861747980118,0.9834749151794838
0.016836465924381983,0.016107154938916235,1.0086940527,0.9672612230927585
0.018931714065714193,0.014816080717383828,1.12772703171,0.8939141060232234
0.012803138275045449,0.014668808712668513,0.77955698967,0.8855474476307275
0.016499492689506026,0.011518779576536797,0.989550292492,0.706591387656061
0.013802523340709937,0.01403402406369647,0.836332976818,0.8494847463657039
0.015098453750033328,0.013576060059862005,0.909955978394,0.8234673890033902
0.00878188663925036,0.013785801318773272,0.551105976105,0.8353829833318223
0.02090382254151837,0.012452840601879123,1.23976433277,0.7596562558357978
0.020412273186733887,0.018378156867361106,1.21183896065,1.0962789368172863
0.02337196874635654,0.01629972956096437,1.37998199463,0.9782015649510454
0.019296678261698487,0.013165297701991374,1.14846098423,0.8001316006745554
0.012571370094574945,0.011320863146177418,0.766390025616,0.6953475727417459
0.016086433225546256,0.010225623815440565,0.966084003448,0.6331260164044452
0.01343889684383603,0.013936254042925977,0.815675020218,0.843930341328608
0.019187754928341332,0.013664180718565344,1.14227294922,0.8284736048834399
0.021954951908657712,0.015399476138047596,1.2994799614,0.9270573378402658
0.014189738457142307,0.01557405435476178,0.858331024647,0.9369752873164218
0.011665856886233244,0.010596472755454167,0.714946985245,0.6541942866592765
0.014508498000035806,0.01181774284370829,0.876440048218,0.723575766548462
0.013700659911292547,0.0150135841611021,0.830546021461,0.905134458785628
0.014105124527084872,0.014499200812092994,0.853524029255,0.8759118663977097
0.015085868886275874,0.014061845687200814,0.909241020679,0.8510653184522687
0.008239139603620176,0.014442621910911724,0.5202720165249999,0.8726975668482364
0.012126279293389438,0.012264514107896973,0.741104006767,0.7489572540502857
0.009384341220569739,0.015443807131283682,0.585331976414,0.9295758224451529
0.007966392714698468,0.015026021541991286,0.504777014256,0.9058410378628825
0.008796731427669761,0.014543211237998177,0.551949322224,0.878412139276922
0.01615099845520942,0.015951359955064692,0.9697520136829999,0.958410366396199
0.018734374589100388,0.018464231047767843,1.11651599407,1.1011688903781776
0.017560814799453303,0.016742148442569382,1.04984498024,1.0033357895848078
0.010245636914750236,0.012997444579462725,0.634262979031,0.790595710000522
0.009016471856744496,0.010956763630396882,0.56443297863,0.674662743501473
0.015248336906705523,0.013363929797131746,0.918470978737,0.8114160731650181
0.01596796973660572,0.017367839839367072,0.959353983402,1.0388818948086034
0.00961464894831597,0.015880541630551415,0.598415970802,0.9543871120765687
0.01559816464343711,0.012030139846633814,0.938345015049,0.7356422361432976
0.007076563635403081,0.01575179529213977,0.454225003719,0.947072913869943
0.011542641680072557,0.013024386026398549,0.707947015762,0.7921262784445879
0.005904694067942013,0.015649790783877293,0.38765001297,0.9412779436936599
0.006974628862046047,0.014612487829204879,0.448433995247,0.8823478063057201
0.013877121838564892,0.015703203955166334,0.840570986271,0.9443123952087265
0.00847569622245391,0.018928004970883316,0.533711016178,1.127516314612373
0.011774780219607997,0.014629055962732007,0.721135020256,0.8832890572494463
0.008261434589415301,0.015513365136934576,0.521538615227,0.9335274768880276
0.01149210498006626,0.01476194144770604,0.705075979233,0.8908384041891316
0.010356566272261156,0.016017550586087337,0.640564978123,0.96217071718127
0.0081790627480481,0.015499421597346297,0.516858994961,0.9327353315461964
0.028308122664705778,0.014408689849813472,1.66040945053,0.8707698551673153
0.04247614652695248,0.023771073262734754,2.46530795097,1.402655490233551
0.02763477632367417,0.02909477958988127,1.62215602398,1.7051001558528303
0.03193173247501779,0.015802324878886775,1.86627006531,0.9499435462881234
0.0628635670339595,0.020052220117686925,3.6235361099199994,1.1913840137800302
0.013072698817060644,0.04197644396071265,0.794870972633,2.436919387388863
0.015039363119695675,0.010289319008755848,0.906598985195,0.6367445990722315
0.014169618412790786,0.02014026611786468,0.857187986374,1.1963859882403962
0.012734154966083992,0.014043863809751533,0.775637984276,0.8500437514126628
0.011414549904801737,0.013383899823612433,0.700670003891,0.8125505887844393
0.010423032608471121,0.013753725059693966,0.644340991974,0.8335607014748968
0.01242289493182354,0.01431404287757898,0.757955014706,0.865392873397421
0.008761715185277411,0.01558308765730132,0.549960017204,0.9374884775636144
0.007820117673601553,0.01414928881891342,0.496466994286,0.8560330433992037
0.023155383188902708,0.014662037520125848,1.36767756939,0.8851627699384274
0.023687260763225144,0.021632968481116066,1.39789402485,1.281187785969283
0.013423723663387439,0.01781508350834371,0.814813017845,1.0642902200620517
0.021592679897631046,0.009572161423835102,1.27889895439,0.5960022153570232
0.014261326869619761,0.014846845804623143,0.862398028374,0.895661898998842
0.01833568358781167,0.012296519215671653,1.09386599064,0.7507754937359842
0.013400101470214457,0.013464446380266004,0.813471019268,0.8171265129426997
0.024898173309706034,0.01252356933807297,1.46668708324,0.7636744205603888
0.015029365523482507,0.017473504553933372,0.906031012535,1.04488480468021
0.012550669855997358,0.012042963317306254,0.765214025974,0.7363707493371656
0.022158328342728167,0.01146246804006723,1.31103396416,0.7033922773424057
0.012973757342256252,0.01734709774520593,0.789250016212,1.0377035173123053
0.02504277491554741,0.01212319273395912,1.47490203381,0.7409286564795402
0.015218659919980965,0.0170107147901728,0.916785001755,1.0185932914464935
0.01995991474465318,0.012221847568897548,1.18614006042,0.7465333286254342
0.02392485501698514,0.013230102130892485,1.4113919735,0.803813200038837
0.03591339660949282,0.015689659596667793,2.09247207642,0.9435429277127021
0.011735826420446724,0.022048408584705692,0.718922019005,1.3047893213459254
0.02199686438341664,0.00889675823100955,1.30186104774,0.5576319371599149
0.021417992126739425,0.017048888508841564,1.26897478104,1.020761975605375
0.020591077923540018,0.015401994175639588,1.22199702263,0.9272003898778366
0.015030773517403295,0.011405388256696902,0.906111001968,0.7001495222138912
0.018071790693511062,0.01056128479955043,1.07887399197,0.6521952264363516
0.017176734620323618,0.013220423007806348,1.02802503109,0.8032633201308588
0.012923045429885396,0.013429237866750432,0.786369025707,0.8151262848228896
0.021556665889001674,0.011728034195755077,1.27685296535,0.718479335534787
0.01156719659054723,0.016298325489860988,0.709342002869,0.9781217983769195
0.008237748396506645,0.011756882216811704,0.520192980766,0.7201182182127739
0.009018725486366924,0.012143294758231615,0.564561009407,0.7420706710152338
0.016428550569319217,0.01536980127495835,0.9855200052259999,0.9253714815039461
0.01831765874749007,0.018403431002365078,1.09284198284,1.0977147837330177
0.0075072025644986745,0.01641644736009451,0.478689998388,0.9848324107491557
0.006042977012362099,0.010719203230052932,0.395505994558,0.6611667180952558
0.03165771713245562,0.01362902566545543,1.8507030010199998,0.826476413898573
0.020129881224639434,0.02741127649617603,1.19579601288,1.6094587926828947
0.0290492016971885,0.01600837950156775,1.70251083374,0.9616496994127374
0.051858904738068735,0.017393523355278884,2.99835109711,1.0403409990312136
0.04145121927648485,0.03399665242579153,2.40708088875,1.9835800718476977
0.04459961120235538,0.02456291797311505,2.5859439373,1.4476409184177028
0.03840177302195331,0.028292659012848942,2.23383903503,1.6595309462084438
0.028226511475769066,0.022816083067224602,1.65577304363,1.348401616597067
0.024263153360822035,0.017381144731748455,1.43061101437,1.0396377580136922
0.01478545103474817,0.014777440267522257,0.892174005508,0.8917189064348898
0.020761818695129837,0.009716593110653315,1.23169696331,0.6042075126706293
0.014844136683224318,0.013764667575135947,0.895507991314,0.8341823558676285
0.027280566179675725,0.012183207364817372,1.60203301907,0.7443381430001683
0.026987770590289333,0.017767900022858774,1.58539903164,1.0616096827421253
0.020768208175820535,0.01667242959174975,1.2320599556,0.9993749973795761
0.02038643408511676,0.011341031684603209,1.21037101746,0.6964933660078232
0.020945657377509357,0.011383525594161226,1.24214100838,0.6989074841949207
0.016431789375029215,0.012107487504553927,0.9857040047649999,0.7400364279146948
0.011912675493573662,0.010954681829885793,0.728968977928,0.6745444744947376
0.010982977733839829,0.01122548118044242,0.676151990891,0.6899288353133247
0.017943277149536273,0.013419670443882259,1.07157301903,0.8145827507072966
0.015728403032412085,0.01711852346733611,0.945743978024,1.0247180018102584
0.006784577485210285,0.014369372778826994,0.437637001276,0.8685362161089399
0.008131942164445268,0.010998321604059003,0.514182031155,0.6770236903072657
0.005043398373761515,0.014822062247911605,0.338719010353,0.894253922288283
0.01165672171252897,0.015555750312117755,0.714428007603,0.9359354177750228
0.00787561749973581,0.018257699728338572,0.4996199905870001,1.0894356556717142
0.013017550989402184,0.015701431926455678,0.79173797369,0.944211724623625
0.014300514634988597,0.016671697484688996,0.864624321461,0.9993334057023535
0.00968646713029037,0.016371690187988674,0.602496027946,0.9822897145296838
0.0212612473603212,0.01310213260829296,1.26006996632,0.7965431334548267
0.016900641909791243,0.018349103639729858,1.01233994961,1.094628396164567
0.01676315161766948,0.014496469903539255,1.0045289993299997,0.8757567209645064
0.010188615259102368,0.011996369689102782,0.631023526192,0.7337237223533272
0.01916923907381064,0.011543243270225823,1.14122104645,0.7079811926533541
0.008632338169646876,0.01660893843465483,0.5426099896429999,0.9957680061976177
0.014126633680185813,0.01234732190601795,0.854745984077,0.7536616414214785
0.012712750730554815,0.015099087062575567,0.774421989918,0.909991957463524
0.004510314247275789,0.015266779661137209,0.308434009552,0.919518728622967
0.013825194980609518,0.012210276639879503,0.837620973587,0.7458759734779644
0.011919329366505069,0.01807603878436681,0.729346990585,1.0791153299288267
0.012289744030821248,0.01646349927402202,0.750390589237,0.9875054733675779
0.019056601657983573,0.014364099927427931,1.13482201099,0.8682366605586801
0.0274954373838619,0.017062380079185147,1.61424005032,1.0215284441576384
0.020992339405548156,0.01903062470767991,1.24479305744,1.133346236489003
0.01165205707690887,0.012308182239095578,0.714163005352,0.7514380808515754
0.011918572910749993,0.009601811885497247,0.729304015636,0.5976866854257679
0.010499743097216064,0.012964556230778745,0.648698985577,0.7887272925842991
0.005115215506571464,0.01444243666984013,0.342799007893,0.872687043132142
0.005878924211900422,0.01352695915988078,0.386186003685,0.8206779215978155
0.010287301784181324,0.01594277487981932,0.636629998684,0.9579226403549141
0.00610532428438146,0.018331281182767167,0.399048000574,1.0936158859498115
0.006436915247336618,0.015388580451242806,0.417885988951,0.9264383438255953
0.018510377653795616,0.015767305652752528,1.10379052162,0.9479540717589948
0.011325640649007082,0.020881030803204803,0.695618987083,1.2384695130993546
0.013286443206444409,0.01441591185431812,0.807013988495,0.871180143902885
0.009550454077717744,0.013822381511770843,0.594769001007,0.8374611378278778
0.01857757316720327,0.013833822444452082,1.1076079607,0.8381111077635794
0.01617926744801319,0.017544383953973064,0.971358001232,1.0489115287568156
0.011702610563740027,0.014869932559112842,0.717034995556,0.896973478810498
0.01098876918426234,0.01167379069498442,0.67648100853,0.7153977122361943
0.02878978248841262,0.013551787045871233,1.68777298927,0.8220884166955871
0.01652073325360284,0.022574923907617173,0.9907569885250002,1.334701142358551
0.0133073900013262,0.013008875132585418,0.808203995228,0.7912450902639313
0.01822748208730741,0.0111723179410399,1.08771896362,0.6869085826592023
0.026625498579438692,0.014974887804670267,1.56481802464,0.9029360830934844
0.010828588367087234,0.018356717130350253,0.667380988598,1.0950609255873753
0.021198231763223253,0.009572704896821715,1.25648999214,0.596033090558548
0.018300832066033744,0.015942213243427705,1.09188604355,0.9578907332736021
0.012063737923851754,0.014601380954581078,0.737550973892,0.881716814516308
0.010037490927452713,0.010658871494570787,0.622438013554,0.6577392165685313
0.013804987854675545,0.012786612861132918,0.836472988129,0.7786181656669723
0.009245178542233671,0.015980219604339263,0.577426016331,0.9600499096839701
0.016960860404078158,0.013953335841728753,1.0157610178,0.8449007740703123
0.01855206770354321,0.016913120220305666,1.10615897179,1.013048853937007
0.011306895024961836,0.016278968819881223,0.694554030895,0.9770221281059129
0.018987635135829375,0.011270613630969928,1.13090395927,0.692492851445989
0.015835389587261415,0.01562768997398778,0.951821982861,0.9400223763039139
0.012326117906695013,0.014033218959572435,0.752457022667,0.8494390076580031
0.00891244292848679,0.011831716858861308,0.558522999287,0.7243696432352286
0.024003085761409002,0.012912200336406165,1.41583633423,0.7857529059458084
0.03173860019344711,0.020553009293756697,1.8552980423,1.219834308667607
0.012890991010795282,0.021950214079571317,0.7845479846,1.2992108009606855
0.01353357866488183,0.009102934055594147,0.821053981781,0.5693449758764383
0.009353661221768296,0.012817638493143768,0.583589017391,0.7803807604313191
0.01379616953205067,0.013294873356052506,0.835972011089,0.807492913067969
0.03753616521535155,0.01585985421918923,2.18466305733,0.953211841160504
0.011060357596739795,0.02809852090822651,0.680548012257,1.6485017814633698
0.020888695524780936,0.010350144969667463,1.238904953,0.6402001780013467
0.01721727267486428,0.01713241845330815,1.03032803535,1.0255073887763781
0.013011795210958297,0.014177961358368574,0.791410982609,0.8576619568055933
0.01390882373457938,0.011189661456222355,0.842372000217,0.6878938837497739
0.00694007583077598,0.013584239218095817,0.446471005678,0.8239320545249383
0.008919673848098098,0.012595034421988727,0.558933794498,0.7677344178780733
0.011577599168621906,0.015316556127972447,0.709932982922,0.9223465756044819
0.011991270302058148,0.017133789024655677,0.733434021473,1.0255852521984823
0.012869727364816489,0.015765047607846583,0.783339977264,0.9478257901456666
0.01391426266194387,0.015113706024930895,0.842680990696,0.9108224741955819
0.01843944917299312,0.015008155259407019,1.09976100922,0.9048260378741521
0.01440625581814985,0.015922538285346954,0.870631575584,0.956772980762074
0.00940043033147756,0.012870930349991871,0.586246013641,0.7834083199611277
0.014683798489673966,0.01181010362689583,0.886399030685,0.7231417755969596
0.017024897898336343,0.01590995322923483,1.0193990469,0.9560580121192278
0.014031845892386197,0.01630171515427814,0.849361002445,0.978314368338185
0.016871193643381577,0.012922085109513093,1.0106669664399999,0.7863144690211047
0.022518858721753764,0.014095544638166757,1.33151602745,0.8529797869316144
0.020468072552610867,0.016269589960261843,1.21500897408,0.9764893064423645
0.02804728497024137,0.01297795723225903,1.64559102058,0.7894886158359219
0.0161708184352888,0.01610428740069625,0.9708780050280001,0.9670983156022247
0.023922744075189198,0.010352892960565185,1.41127204895,0.6403562938982639
0.013081887498732854,0.014795028377787345,0.795392990112,0.8927181031976553
0.017498961689206803,0.010821907901747974,1.04633104801,0.667001465201788
0.014710816864932192,0.013504908545217909,0.887933969498,0.8194252058451819
0.013777827840684875,0.013469754774067644,0.834930002689,0.8174280876896247
0.016414468531712016,0.012860798263492956,0.984719991684,0.7828327067839763
0.018274569097330936,0.014685453536427806,1.09039402008,0.8864930554172616
0.007709188316073029,0.014719798049429356,0.490164995193,0.8884441988711453
0.00989190204731808,0.010769689360966339,0.614166975021,0.6640348817474574
0.010196544929807804,0.014467668763899155,0.631474018097,0.8741205016630235
0.013607332576217202,0.01614452063790761,0.825244009495,0.9693840029086644
0.01758908379227467,0.01647017431953257,1.05145096779,0.987884688858323
0.017512760449384324,0.016587959201348035,1.0471149682999998,0.9945761566077806
0.005983780939870455,0.014158076882061943,0.392143011093,0.8565323013704489
0.007345701884167285,0.010431654173524985,0.469514995813,0.6448307910349538
0.012671702776492866,0.014655381736442097,0.772090017796,0.8847846487298247
0.012318249088179089,0.018343853160644574,0.752009987831,1.0943301116060835
0.011186941706375526,0.01600153058138587,0.687739372253,0.9612606059415783
0.010906584096174288,0.014221282878431829,0.67181199789,0.8601230923086617
0.019956274104751055,0.014630882375286536,1.18593323231,0.8833928174308674
0.010649345074769882,0.018192935948969646,0.657198011875,1.0857563656448401
0.013538226513677068,0.012457061438382322,0.821318030357,0.7598960454497241
0.012803437290153138,0.013929645204354912,0.779573976994,0.8435548871151467
0.017213663510247765,0.014848513441464428,1.03012299538,0.8957566389855811
0.010015505448515413,0.015665801105664956,0.621188998222,0.9421875048380896
0.014326173278383699,0.012401796029309908,0.866082012653,0.7567563665981715
0.015995062603332156,0.014911960681223135,0.960893154144,0.8993611351831716
0.010981006332500232,0.0158329641608701,0.676039993763,0.9516841921511396
0.012111035818165654,0.01255864573137444,0.740238010883,0.765667142809003
0.009615617337578684,0.01415261347221719,0.598470985889,0.856221920019169
0.00990843076290158,0.014322124867262476,0.615105986595,0.8658520186840231
0.01555466161799524,0.014974097330949787,0.935873568058,0.9028911755525006
0.009322606667208902,0.017327844181813212,0.58182477951,1.036609704621587
0.011678513093930346,0.013504818931901141,0.715665996075,0.8194201148300208
0.010574605987364538,0.014780019230097752,0.6529520154,0.8918654196769544
0.01615540394441107,0.015191970850404024,0.970002293587,0.9152687711014181
0.012871664143359517,0.01667981233949556,0.783450007439,0.9997944180869032
0.01219156635601111,0.014102891295951325,0.744813024998,0.8533971573349635
0.013649120199226969,0.01342956633256076,0.827618002892,0.8151449452684641
0.01482357913256123,0.014913897253598263,0.894340097904,0.8994711536455832
0.04317511583950617,0.01496734363139196,2.50501704216,0.9025074916528002
0.027609358990602594,0.03093239924256208,1.62071204185,1.8094970228543874
0.02403388326784365,0.01743400545333551,1.41758596897,1.042640824351756
0.017561291125289657,0.015780194389824365,1.04987204075,0.948686292797197
0.020670473253179434,0.010327796728696104,1.22650754452,0.6389305538236763
0.017443479174550042,0.012357034702553449,1.04317903519,0.7542134343491665
0.016145576314669792,0.012040182074273709,0.9694439768790001,0.7362127443558061
0.013501384705405779,0.01177997317403534,0.819225013256,0.7214300367856206
0.013391018755296065,0.01232206537910252,0.812955021858,0.7522267948374943
0.010895952797784719,0.013514099643050503,0.671208024025,0.8199473605884814
0.008392595203906629,0.013567394622934215,0.528989970684,0.8229750975408228
0.005174957675057226,0.013822359446287846,0.346193015575,0.8374598842674414
0.007511761757947182,0.014488215958190942,0.478949010372,0.8752878067180198
0.019390850183381426,0.01686153688514702,1.15381097794,1.0101183570998635
0.016104792752901363,0.02115031667157452,0.967127025127,1.253767891599269
0.012891624712989285,0.015397737151440216,0.784583985806,0.9269585444075207
0.007357512980762577,0.011783236324665936,0.470185995102,0.7216154193820089
0.008996146173942465,0.012332240143824613,0.563278257847,0.7528048326038596
0.0033343077796172036,0.015391574495684512,0.24162399768800003,0.9266084382512407
0.0038511448942376353,0.014699609147202697,0.270985990763,0.8872972487187625
0.0025922674398198274,0.01641482055556387,0.199468001723,0.9847399904836371
0.0014172996562167505,0.01725637530758317,0.132716998458,1.0325494919726528
0.007411657796361755,0.017250947432201347,0.473262012005,1.0322411293669793
0.01067324844706124,0.019752274534589276,0.658555984497,1.1743438286140366
0.016017854898446305,0.019058057990749555,0.962188005447,1.1349047465973705
0.00807941622711006,0.01791596581247057,0.511197984219,1.070021436786567
0.016383823155724744,0.012853701508820148,0.982978999615,0.7824295336068506
0.015099404303306729,0.016677274002743436,0.910009980202,0.9996502128353267
0.017151229156663558,0.015582373461998866,1.02657604218,0.9374479034698978
0.013707577127353019,0.013958278536352342,0.830938994884,0.8451815731097083
0.01607073230967508,0.012680973477772417,0.965192019939,0.7726166948845261
0.016693005821926985,0.013943284522188737,1.0005439519899997,0.8443297493385739
0.03398969920336783,0.014303457262114794,1.98318505287,0.8647914948215377
0.02152149751617955,0.02293506776093146,1.27485501766,1.3551612467664629
0.021726932433295272,0.013412943114233356,1.28652596474,0.8142005649064386
0.023411801754781157,0.013408326018225392,1.38224494457,0.8139382634246419
0.02965495173973198,0.012754184069939223,1.73692405224,0.7767758561355463
0.021218967673779465,0.017002084671398965,1.25766801834,1.0181030064408205
0.012341624725047864,0.01179260606377519,0.753337979317,0.7221477229009668
0.018178019743370456,0.009812475095323014,1.08490896225,0.6096546566358156
0.01778346669146131,0.014363664222561967,1.06249403954,0.8682119077634661
0.012789162204192064,0.014536870951053382,0.778762996197,0.8780519417289899
0.013614426053806685,0.01150007176931278,0.825646996498,0.7055285798765473
0.016493027668217874,0.013469338585803348,0.9891830086709998,0.8174044436505484
0.024042790770503093,0.0153478742846902,1.41809201241,0.924125788967175
0.019353304378105736,0.017306973043969442,1.15167796612,1.035423996034683
0.021090401671054002,0.01252187189855225,1.25036406517,0.763577987455949
0.01456063469315231,0.011647008657753366,0.879401981831,0.7138762000044535
0.01825747802358109,0.010788104094709539,1.08942306042,0.6650810397522726
0.03092475872066809,0.013388898083539047,1.80906295776,0.8128345445399389
0.014372942388110566,0.020713880929724704,0.868739008904,1.2289735746522596
0.014081342859190136,0.01029266188806588,0.852172970772,0.6369345111284191
0.022102071536115788,0.012310955379266408,1.3078379631,0.751595625501889
0.021305358907640574,0.0169222621517926,1.262575984,1.0135682154948715
0.012461636797477176,0.01443574263658065,0.760155975819,0.8723067489298708
0.017913600162846918,0.009896963977556572,1.06988704205,0.61445454794563
0.014183630155622797,0.014206461997689601,0.857984006405,0.859281104406848
0.019311868229007143,0.013404308735357473,1.14932394028,0.8137100378804397
0.017865298207221277,0.014632507725988342,1.06714296341,0.8834851551030292
0.012107937602023645,0.01362386371542157,0.740061998367,0.8261831587571363
0.011050500590077013,0.01110708953139894,0.679988026619,0.6832028965581224
0.011972930709038859,0.013079391219303238,0.732392132282,0.7952511741756978
0.013783900470225765,0.015035586538303614,0.835274994373,0.9063844341236005
0.00964399229713627,0.015555286459074447,0.600082993507,0.9359090658558975
0.016869380667528872,0.013527189867712952,1.01056396961,0.8206910283225048
0.012483481686846489,0.01671960663334926,0.761397004128,1.0020551686164292
0.011860537751292708,0.014093705318004579,0.726006984711,0.8528752934571002
0.01781567848685626,0.013332378548431834,1.06432402134,0.8096236176318762
0.009468409579197678,0.016561245863019547,0.59010797739,0.9930585472240443
0.012713525022299204,0.012382079234172227,0.774465978146,0.7556362372848597
0.01211893925947815,0.014561404216138829,0.740687012672,0.879445699141468
0.014761899136367985,0.015265805173829028,0.890836000443,0.9194633671003808
0.012494273509139862,0.01533117655577465,0.762010097504,0.9231771755899282
0.012766050959634408,0.013934435576805848,0.777450025082,0.8438270325914529
0.00930997249221173,0.014050888967702235,0.581107020378,0.8504428571139837
0.013002413480932217,0.013632432345386247,0.790877997875,0.8266699505268603
0.014753731302744369,0.015822447272429985,0.890371978283,0.9510867180208694
0.012955379978929435,0.0160631945079297,0.788205981255,0.9647637904709767
0.011934255990649458,0.013808365319933014,0.730194985867,0.8366648650447546
0.015361384550163552,0.013666553562200034,0.924893319607,0.828608408318408
0.021358359072518436,0.015525003637087087,1.26558697224,0.934188670813956
0.01295904160247265,0.01696539811245068,0.788414001465,1.016018809197021
0.015241120675537363,0.011421040511950364,0.91806101799,0.7010387412683273
0.010644574472395963,0.013192794951432996,0.656926989555,0.8016937447715005
0.013607755394068022,0.01306521064194488,0.825268030167,0.7944455624995677
0.00657486402927022,0.014875490689133075,0.42572298646,0.8972892413022918
0.015124981110994449,0.013192374772377446,0.911463022232,0.801669874011893
0.011822604800180029,0.017434871966779175,0.723851978779,1.0426900517795326
0.01608023679326224,0.01537538572910302,0.965731978416,0.9256887394935235
0.011744592284268116,0.015208041697281516,0.719420015812,0.9161817707320132
0.01166059422041537,0.013425949294668449,0.714648008347,0.8149394580104059
0.009974861427132919,0.013726294578251697,0.618879973888,0.8320023505295641
0.014048321100001761,0.014364788039486598,0.850296974182,0.868275752839265
0.009841462920661972,0.016193155918437396,0.611301481724,0.9721470180438391
0.013877298100093903,0.014055014524882337,0.840580999851,0.8506772338217046
0.009483935282721897,0.015563637843937883,0.590990006924,0.9363835157310907
0.020059680871782153,0.014050144451859259,1.1918078661,0.8504005604824004
0.017959207834798784,0.01802253871533188,1.07247805595,1.0760759416726848
0.013122144374243153,0.01520511337257524,0.797680020332,0.9160154099051401
0.011649839119265069,0.01113008810490812,0.714037001133,0.6845094667269606
0.014721854194365322,0.012826109414817655,0.888561010361,0.7808620013029429
0.012049269789554411,0.01537601436967817,0.736729025841,0.9257244531442891
0.016076875234008765,0.013960957459679957,0.965541005135,0.8453337652142782
0.014165358759032194,0.015225343328299612,0.856945991516,0.9171646923445848
0.009357973334312769,0.014040293636310652,0.583833992481,0.8498409265673057
0.05272512946002203,0.012343174433806725,3.04756212234,0.7534260197006311
0.01468626195445752,0.03987349061364687,0.886538982391,2.3174486685359015
0.019965563507214002,0.01323325990180857,1.18646097183,0.8039925959164698
0.014484435153022692,0.019115652965524088,0.87507301569,1.1381767702246337
0.018654408507943802,0.01228684397720814,1.11197304726,0.7502258345169993
0.011278255673110733,0.01377202436735181,0.692927002907,0.8346003020173647
0.008996088469263912,0.011866871042379712,0.563274979591,0.7263667848177999
0.008797077655670662,0.012790386043576074,0.551968991756,0.7788325236409502
0.015295229819157916,0.015102672238790138,0.921135008335,0.910195634630289
0.008700864037960944,0.017834450137878877,0.546503007412,1.0653904561445846
0.01667964666640754,0.01374400248840657,0.9997850060459998,0.83300835323454
0.012304413606876091,0.01667332597356741,0.75122398138,0.9994259216572222
0.013871594780435897,0.014398835962936785,0.840256989002,0.8702100467672401
0.01288688978259399,0.013967528707979904,0.784314990044,0.8457070838897739
0.009493757666570506,0.01427482137196412,0.591548025608,0.8631646634959312
0.009835875010343467,0.01329633161937438,0.610984027386,0.8075757583519999
0.015501949976545337,0.01481203309296486,0.9328789711,0.8936841567475271
0.013148935078350939,0.017372532767026216,0.799202024937,1.0391485043564306
0.016390441356677526,0.014607793771455047,0.9833549857139999,0.8820811325563989
0.008595708294883223,0.014690607448616166,0.54052901268,0.8867858539212835
0.018332233897811294,0.012207539269205814,1.09367001057,0.7457204609257678
0.01539200684428644,0.017085231922721045,0.926633000374,1.0228266784613895
0.013114433981284528,0.014999783930919941,0.797241985798,0.904350454983309
0.009459573420601093,0.012282962833787048,0.589605987072,0.7500053431803103
0.012810126835063168,0.01286155825866997,0.779954016209,0.7828758828108003
0.0082040583123453,0.015617693392493859,0.518279016018,0.9394544612910501
0.011867244083009994,0.014149208293742666,0.7263879776,0.8560284686899982
0.010023385807963529,0.01589826987451959,0.621636688709,0.9553942699642287
0.014589960205983297,0.01529918243030548,0.881067991257,0.9213595598191329
0.011957257071742682,0.016296142761477617,0.731501698494,0.9779977955646907
0.016162140702231913,0.014464354615797648,0.9703850150109999,0.873932221853286
0.014422158175778525,0.015325383064253684,0.871535003185,0.9228480419942428
0.008772522745213592,0.014121857060563014,0.55057400465,0.8544746199115423
0.0036160492527104004,0.01211896480332908,0.257629990578,0.7406884638417263
0.011318459040653095,0.01327599162719717,0.69521099329,0.8064202246402009
0.005325456697934111,0.0185454056940062,0.354743003845,1.1057804968849327
0.02211110074318946,0.01553166156280894,1.30835092068,0.9345669137137186
0.02415928285796321,0.021434673890301292,1.42471003532,1.269922487410782
0.04171810861695468,0.019198628892969527,2.42224311829,1.1428907091777871
0.02703519333645801,0.026335159670658692,1.58809316158,1.5483236035006396
0.049826529505779156,0.015641553116581663,2.88288998604,0.9408099542183567
0.025674836188816153,0.03261403081111247,1.51081001759,1.9050320629544777
0.008063803442003394,0.015296542166810756,0.5103110075,0.9212095640153191
0.010764674675589782,0.011403906702351252,0.663749992847,0.7000653537453222
0.009406062307195918,0.013854641196686446,0.586565971375,0.8392938402757065
0.01524532682132802,0.015520243522537891,0.918299973011,0.9339182443169496
0.018907704726686615,0.01706823638676558,1.12636303902,1.0218611463915868
0.015724777080829894,0.01685833806985948,0.945537984371,1.0099366294536398
0.013127248614521327,0.012701834472624407,0.797969996929,0.7738018272387139
0.01473884035059621,0.012054286935371694,0.88952600956,0.7370140545213638
0.007913040026815388,0.014131429736728762,0.5017459988589998,0.8550184524718148
0.012967737171518848,0.012532450940896389,0.788908004761,0.764178992606821
0.008888204869109118,0.015904730312336524,0.557146012783,0.9557612933940024
0.01330251448138052,0.014726394636078721,0.807927012444,0.8888189570416369
0.012076764490613791,0.016030292632355225,0.738291025162,0.9628946045796312
0.010948758865056247,0.015244064227399434,0.674207985401,0.9182282438856354
0.01454953441316556,0.014078222699126508,0.878771364689,0.8519957116015776
0.012110155559667447,0.01587478978087753,0.740188002586,0.9540603441926153
0.014723420613825809,0.01423919486898595,0.888650000095,0.8611406890093084
0.013133533177569852,0.014816165243283441,0.798327028751,0.8939189080175247
0.008124865473663043,0.01413020686783506,0.513779997826,0.8549489801623138
0.01274118339477335,0.012704578580129633,0.776037275791,0.7739577225165224
0.014092873301249276,0.016118245348163196,0.852828025818,0.9678912794689291
0.012901816406720775,0.01630814762947952,0.785162985325,0.9786798031859836
0.01392271167466826,0.014081057537407071,0.8431609869,0.852156761378399
0.017119946930936117,0.014405589635309246,1.02479887009,0.870593729122515
0.013240923665116235,0.015423383931574053,0.804427981377,0.9284155616367087
0.01464387630124998,0.012908689688559516,0.884131014347,0.7855534628043501
0.005445539065138618,0.013719287649512468,0.361564993858,0.8316042804465567
0.019702058807985246,0.012010751013382226,1.17149102688,0.7345407386471599
0.006963310878076766,0.019476981585252018,0.447791010141,1.1587041823050188
0.01257459106427803,0.013275620019705281,0.766573011875,0.8063991132759146
0.01269757755010622,0.015309234516909909,0.773559987545,0.9219306281285078
0.017648439864017488,0.016276409822264082,1.05482304096,0.9768767490915428
0.012887154174887509,0.016157753758302418,0.784330010414,0.9701357886810122
0.017286325229594897,0.0130382645517233,1.0342509746599997,0.7929147302661562
0.018390479941629366,0.014535041735038279,1.09697902203,0.8779480222803884
0.012517031181439842,0.014809579396744432,0.763302981853,0.8935447600026063
0.009437870169964226,0.011485089769502244,0.58837300539,0.7046774386518895
0.010286122510575427,0.012476334273400003,0.636563003063,0.7609909529792276
0.009203707770320906,0.015043666844885673,0.575070023537,0.9068434837916579
0.008585763157455937,0.015238531728225091,0.539964020252,0.9179139375058318
0.02239837347098145,0.015220160992106324,1.32467114925,0.9168702790466323
0.013477110974067086,0.020827376930242503,0.817846000195,1.2354213871002708
0.01027552583498243,0.013545769713216194,0.635960996151,0.8217465664786634
0.013402231297093753,0.01175762860117846,0.813592016697,0.7201606209969162
0.016458369194776216,0.015390916642463726,0.987214028835,0.9265710650031386
0.016400544919644513,0.01621181675865402,0.983928978443,0.9732071575843528
0.00947494069856801,0.014187344336024532,0.590479016304,0.8581950124185971
0.014899953885055404,0.01160032414862,0.898679018021,0.7112240099911834
0.010114271710972848,0.015489042927532948,0.626800000668,0.9321457097435689
0.01127399601935214,0.014025800305578873,0.692685008049,0.8490175470836308
0.009214884640122368,0.014502388506776542,0.575704991817,0.8760929622721658
0.010988540463929846,0.014726015917490898,0.676468014717,0.8887974416894331
0.013654911649649479,0.015637055892042895,0.827947020531,0.9405544627452627
0.01060688807760509,0.016406528315349167,0.654785990715,0.9842689006704779
0.018193977707366377,0.014089004824057172,1.0858155489,0.8526082540614597
0.014059904000846784,0.016856005427206666,0.85095500946,1.0098041098735229
0.014710852536910818,0.013906026757690038,0.887935996056,0.842213101380727
0.01062447331321581,0.013180953943652707,0.655785024166,0.8010210462004986
0.010694811108130118,0.012932130476930537,0.659780979156,0.7868851556072711
0.014670226351517636,0.01419850372420095,0.885627985001,0.858828987551358
0.01228814928360371,0.016428400470789528,0.750299990177,0.9855114779901173
0.015456836466243122,0.01433018199494529,0.930316030979,0.8663097515374404
0.011859464444440629,0.014945748101274914,0.725946009159,0.901280629672864
0.011620856686924023,0.013501075940436591,0.712390482426,0.8192074720333775
0.01549804284586237,0.013812454618431502,0.932657003403,0.8368971818633375
0.010601801673316228,0.0160055541503199,0.654497027397,0.9614891886029928
0.007859898747875323,0.013352610985497337,0.49872699379900004,0.8107730410385988
0.016300424171251826,0.013350514767049182,0.9782410264019998,0.8106539529355634
0.008926542802083305,0.018103218973927637,0.559324026108,1.080659461561572
0.014454969050623717,0.013818712981850112,0.873399019241,0.8372527252602026
0.010051783849385496,0.015603445949652128,0.623250007629,0.9386450509251507
0.01020448299391687,0.014302102640573189,0.631924986839,0.8647145375226156
0.013753272930227807,0.014342027884311825,0.833535015583,0.8669827274358584
0.01424275645792147,0.016468676281427674,0.861343026161,0.987799583932191
0.017317340964488687,0.015364774419889926,1.03601300716,0.9250859012320717
0.009924818888934692,0.015112925653083087,0.616037011147,0.9107781405513
0.016462575340566873,0.011969611410606706,0.9874529838559999,0.7322035598772293
0.010851348137751321,0.015609511275980203,0.668673992157,0.9389896277068962
0.010444031862138796,0.013654582736812415,0.645533978939,0.8279283346894244
0.01680717503422435,0.013677634500348868,1.00703001022,0.8292379266327603
0.012745808161704208,0.017213065742301303,0.776300013065,1.030089035631739
0.015554229357558735,0.013928747211397807,0.935849010944,0.8435038713071832
0.01074569928204759,0.01425032248180158,0.662671983242,0.8617728589545218
0.018678680140900784,0.013056002247943344,1.11335194111,0.7939224251449613
0.008754181053847798,0.01647137018188527,0.54953199625,0.987952626901326
0.015404861346212481,0.012325050612227217,0.927363276482,0.7523963886840953
0.01354201089079896,0.015522257615895985,0.821533024311,0.9340326668178882
0.01526388044620145,0.01511139087162272,0.919354021549,0.9106909482012615
0.011226487240695056,0.014216914986834972,0.689985990524,0.85987494835926
0.010518663933625869,0.013044849379517665,0.649773895741,0.793288820405252
0.016164252693121897,0.013807717789140916,0.970504999161,0.836628078223345
0.01322360387098109,0.016837168144882675,0.803444027901,1.008733946494186
0.014784131171591887,0.014221923289490457,0.892099022865,0.8601594746514476
0.012216455953554493,0.013996984700600956,0.746227025986,0.8473805059929674
0.02540371657147403,0.013535167820247329,1.49540746212,0.8211442631627293
0.012454613614662888,0.019223811935541235,0.759756982327,1.144321381048442
0.016115371592522652,0.01162539156483744,0.9677280187610001,0.7126481130220292
0.01890150829426178,0.01333453904379156,1.12601101398,0.8097463573655299
0.012531799380026928,0.015506976121520077,0.764141976833,0.9331645110307973
0.024143597679717237,0.011652865951989444,1.42381894588,0.7142089582912191
0.013707225653459448,0.017316912001055895,0.830919027328,1.035988637351821
0.008440069359749539,0.012028322375547296,0.5316870212549999,0.7355389839349195
0.011302282848145221,0.011201484416231589,0.694292008877,0.6885655570102596
0.018392609768350242,0.015429654673750903,1.09710001945,0.9287718082822443
0.014260851592983062,0.018283952061431297,0.86237102747,1.0909270749228979
0.016176415788192986,0.013685226446386256,0.971195995808,0.8296692320879409
0.01228622194766397,0.013459278080152126,0.750190496445,0.8168328970473616
0.009043861640232114,0.012839722345699078,0.565989017487,0.781635364459272
0.011817975836538553,0.012885639751009315,0.723589003086,0.784243974596977
0.0182478654748056,0.015687224204636196,1.08887696266,0.9434045708456277
0.003683378011429261,0.017843581689734656,0.261454999447,1.0659092280260318
0.0024663902123731357,0.011062707563735064,0.19231680035600002,0.6806815160489873
0.0026868091958974654,0.014353665074290367,0.20483900606600003,0.8676438469295954
0.005687305891004345,0.017675437344013556,0.375299990177,1.0563567926938884
0.0023884862861613763,0.018782577528636324,0.18789100647,1.1192544475146375
0.00643688009994022,0.016762047679793612,0.417883992195,1.0044662836012925
0.00986845611569171,0.018269424935162926,0.612834990025,1.090101775483625
0.007569162690645842,0.018811431591771344,0.48221001029,1.1208936734486694
0.013403515488271412,0.01576091252808509,0.813664972782,0.9475908724513159
0.014919667898363362,0.017392828860187448,0.899798989296,1.040301544124651
0.012577635772452102,0.016565941947898954,0.766745984554,0.993325336136466
0.010985582837338224,0.01353850189325212,0.676299989223,0.8213336749245956
0.016338592137736523,0.013517359383464322,0.980409383774,0.82013254944731
0.01801298229145624,0.01632685285520341,1.07553303242,0.9797424643080948
0.010451776877911594,0.015617096822256205,0.645973980427,0.939420569585731
0.012461883353781383,0.01138150212790734,0.76016998291,0.698792529211129
0.014407777123063632,0.014051201533627378,0.870718002319,0.8504606142724189
0.01748533709219418,0.015768515806827255,1.04555702209,0.9480228217279051
0.00758718700633241,0.015528719300872629,0.483233988285,0.9343997610999549
0.018197030808838464,0.011394404522058643,1.08598899841,0.6995255261206094
0.01196775302645693,0.017268966716432965,0.73209798336,1.033264821520384
0.011629808254860109,0.014290676809265213,0.712899029255,0.8640654255098545
0.01748238051494303,0.013208389911781415,1.04538905621,0.8025797088495475
0.012035029326389907,0.01667982141148916,0.735920011997,0.9997949334752252
0.014847393324906026,0.013179938172313888,0.895693004131,0.8009633392940624
0.014475246471350484,0.014171780400026757,0.874550998211,0.8573108108625188
0.015341206801133477,0.014514058000057783,0.923747003078,0.8767559169463173
0.016679523912846467,0.014059936492988312,0.999778032303,0.8509568553685224
0.02970089304964091,0.014293001110095682,1.73953402042,0.8641974711833519
0.013352891706665064,0.020094574153734834,0.810788989067,1.1937901856240363
0.011489095943870813,0.010359068961473206,0.704905033112,0.6407071582049529
0.013740809770884576,0.011954829679671874,0.832826972008,0.7313637961120751
0.013649859868157187,0.015067005187159976,0.827660024166,0.9081693565373552
0.014840669157199426,0.01478452630381466,0.895310997963,0.8921214706909408
0.024771682576762682,0.014513557231978114,1.45950102806,0.8767274678499356
0.01984337019826636,0.01823712975079883,1.17951905727,1.0882670562793924
0.024488478552686713,0.013217617375642199,1.4434119463,0.8031039295804429
0.022082657587203187,0.013311022411906404,1.30673503876,0.808410355822633
0.012520498707464734,0.012511913634639438,0.763499975204,0.7630122493002018
0.019238362972216868,0.009555900837774578,1.14514803886,0.595078436468475
0.011848885604836943,0.014527539614582308,0.725345015526,0.8775218198993194
0.012518017406709468,0.012429386596155556,0.76335901022,0.7583238121428905
0.009950254057889968,0.013287404849231077,0.61748200655,0.8070686203084747
0.017199581472499746,0.014044114258602747,1.02932298183,0.8500579796428478
0.022000295188316053,0.017063780042023913,1.30205595493,1.021607977337463
0.05477689765793517,0.01743925809094038,3.16412496567,1.0429392315377277
0.01621598545354135,0.0379180433972135,0.9734439849850001,2.2063579089846814
0.02072615720955849,0.011784380979914966,1.22967100143,0.7216804483022325
0.012179948832351916,0.019559747506965985,0.744153022766,1.1634061906389137
0.017792972224195316,0.011137843487386778,1.06303405762,0.68495005715708
0.01886385757148474,0.014387952885681177,1.1238720417,0.8695917691126864
0.014896398228248404,0.0151009283316339,0.898477017879,0.9100965616566259
0.011711041740475105,0.011756673822680419,0.717513978481,0.7201063791500082
0.008529206286694634,0.012040524274734787,0.536750972271,0.7362321850795549
0.019771623360390025,0.013236334733589983,1.17544305325,0.8041672799453808
0.018462119763640237,0.018905951862812964,1.10104894638,1.1262634572069612
0.00917517438520602,0.015822179615684995,0.573449015617,0.951071512194371
0.024272551877514557,0.010351157110234155,1.43114495277,0.6402576786402703
0.01734870712425241,0.01906228593197712,1.03779494762,1.1351449398372395
0.010643430870786294,0.014363425615907977,0.656862020493,0.8681983522994254
0.01800198063391372,0.010394737382307229,1.07490801811,0.6427335140836207
0.02347740671769949,0.015824991464105986,1.38597202301,0.9512312558960704
0.01676800930153784,0.017679206125299274,1.00480496883,1.0565709006340538
0.027412705675179897,0.011285450802740238,1.60953998566,0.6933357648561306
0.048676855252381315,0.016674019174090837,2.81757593155,0.9994653030181824
0.033626696966207854,0.03213071729595485,1.9625625610399997,1.8775745764782326
0.0216076957017748,0.019622712952019894,1.27975201607,1.166983315635045
0.03420347716636611,0.015179821139414962,1.99532997608,0.9145785348164599
0.03487334863720406,0.02101943581420307,2.03338599205,1.2463324294022229
0.022095136484101212,0.020427270743353043,1.3074439764,1.2126909856713008
0.027442947118470114,0.01284381696081982,1.61125802994,0.7818679833200678
0.03499360936424888,0.016576654864351115,2.0402181148500005,0.9939339467988647
0.03751120322465127,0.02066366979042944,2.18324494362,1.2261210335274642
0.022869142849915477,0.02186673843921194,1.35141599178,1.2944684728560887
0.011829047788768251,0.01334719258924899,0.724218010902,0.8104652169512393
0.023079894989999065,0.010519379237100557,1.3633890152,0.6498145327910031
0.02595645385913101,0.016446355465882245,1.52680897713,0.9865315178182577
0.030483939114173367,0.017510227139541534,1.78401958942,1.0469710486317783
0.018506972029089488,0.01725895536227995,1.10359704494,1.0326960672591345
0.030114087857399215,0.010657032505273278,1.76300799847,0.6576347418907441
0.019456648194565614,0.01838011147437979,1.15754902363,1.0963899798444285
0.01938231408905698,0.011921170984572571,1.15332603455,0.7294516146056346
0.04067197122828257,0.012020866492488569,2.36281108856,0.735115408343025
0.044508853298835006,0.026759265439520563,2.58078789711,1.5724174433123084
0.020945762295010713,0.027526245601950716,1.24214696884,1.6159902935989512
0.029230683930579524,0.013134931188889531,1.71282100677,0.7984064510632257
0.010833341133471841,0.020077445269110816,0.667650997639,1.1928170778934077
0.01364058305572047,0.00896501770932856,0.827132999897,0.5615098210676482
0.016054410281741753,0.013460280199143027,0.964264750481,0.8168898283513234
0.02362156347281409,0.015807369179606345,1.3941617012,0.9502301176635266
0.012430815159943293,0.01722067488278345,0.758404970169,1.0305213179191817
0.011228071496162458,0.010742926095572036,0.690075993538,0.6625144359610726
0.010945537895353161,0.012244994383537655,0.674024999142,0.7478483205096186
0.014245907132849362,0.014597943303258587,0.861522018909,0.8815215183746998
0.013000107392523908,0.016019200225515284,0.790746986866,0.9622644347183614
0.011904420578367597,0.01459263973869307,0.728500008583,0.8812202179811321
0.0033268093201662143,0.013770271581122762,0.24119800329200003,0.8345007246153875
0.004986032588459253,0.012459711763625148,0.335460007191,0.7600466128707257
0.009488441492784693,0.016106033845213474,0.591246008873,0.9671975327257053
0.017711877229660986,0.01891168220343209,1.0584269762,1.1265890031416794
0.01258196572098589,0.019794825097588786,0.766991972923,1.1767611653353873
0.009433486713462502,0.013956542690601648,0.588123977184,0.8450829581119279
0.009505767581976963,0.012571690580722272,0.592230319977,0.766408232729561
0.014489328508957686,0.014818224302181493,0.875351011753,0.8940358850522526
0.011470137337118273,0.01715505250870697,0.70382797718,1.0267932503352317
0.009074858490112957,0.014513251083508871,0.567749977112,0.8767100752730879
0.011638397857152488,0.013537635911483159,0.713387012482,0.8212844777017493
0.018047710010455832,0.01583033130780853,1.07750594616,0.951534617340867
0.011243314971386245,0.017816450636781722,0.690941989422,1.0643678878892915
0.01267818038787766,0.012825983561475018,0.772458016872,0.7808548514584941
0.011820141335396472,0.013781797803800844,0.723712027073,0.8351555399544587
0.016247757644348635,0.014667571472261498,0.9752489924430001,0.8854771588623027
0.015190355255198571,0.015948599211757175,0.915176987648,0.9582535260231219
0.012413142842732521,0.014379539295745758,0.757400989532,0.8691137853099924
0.011247979607006344,0.012662118496184371,0.691206991673,0.7715455259936773
0.019913935664366313,0.013578070909231466,1.18352794647,0.8235816272103431
0.012645034825963759,0.017661587709883797,0.770574986935,1.0555699822077491
0.014831146837622957,0.01288638406880982,0.894770026207,0.7842862599775849
0.009894859673909701,0.01344050874118441,0.614335000515,0.8157665935927478
0.012621394796801464,0.013088738838084257,0.769231975079,0.7957822210184107
0.015047741837644872,0.01497897166056883,0.907074987888,0.9031680907129467
0.006241952678576553,0.016102683880648616,0.406809985638,0.9670072181496573
0.008126766580209843,0.012205241169429115,0.513888001442,0.7455899037582961
0.0034491272187127217,0.015161782874336227,0.248146995902,0.9135537643436277
0.0036027771788086096,0.015294244481263375,0.256875991821,0.9210790303805969
0.009608488188010576,0.016500776834278197,0.598065972328,0.9896232459406614
0.009610318999782184,0.019418009048499663,0.598169982433,1.1553538981114977
0.014573168147270733,0.017300514809934775,0.880114018917,1.035057097803812
0.018191046310132495,0.01709374005348674,1.08564901352,1.023310033215831
0.01654284148610121,0.016708318282798285,0.9920129775999998,1.001413867012249
0.014472324516737486,0.013348794008778198,0.874384999275,0.810556195071418
0.014518812447345973,0.012243383792750251,0.877026021481,0.7477568213618045
0.016840599677033337,0.01336875645226554,1.008928895,0.8116902798939948
0.013319218409310976,0.014630604734939379,0.808875977993,0.8833770444267236
0.010899701502927987,0.012835908854765599,0.671420991421,0.7814187165227888
0.012194206082323678,0.012808562567609982,0.744962990284,0.7798651487325192
0.011301860030294403,0.014838635399952116,0.694267988205,0.8951954583383822
0.01671662906424682,0.014778695742195591,1.00188601017,0.8917902311087986
0.013049587572502987,0.016453274239889515,0.793558001518,0.986924579749652
0.013955168977273376,0.013768102367017976,0.845004916191,0.8343774895617871
0.013217970846098277,0.013696819602345034,0.803124010563,0.8303278499684098
0.009192740735662971,0.01412797984276648,0.574446976185,0.8548224608145508
0.009078766669977978,0.013095931130131078,0.567972004414,0.7961908217618523
0.007069223601491791,0.014646877389840052,0.453808009624,0.8843015089572098
0.01403408378438342,0.015139555834760232,0.849488139153,0.912291025728992
0.006235791918271158,0.018021651267480454,0.406459987164,1.0760255249418988
0.0033999290047253597,0.013973171596022516,0.245351999998,0.8460276615629774
0.03997504571022538,0.014214200547662648,2.32321810722,0.8597207385668019
0.03476297534287277,0.03410481400066079,2.0271155834200005,1.9897248306555566
0.02691241458744444,0.02453645068859811,1.58111798763,1.4461372875778953
0.029481145276309392,0.016078339077962633,1.72704994678,0.9656241674598804
0.019335069702605404,0.017175831465499503,1.15064203739,1.0279737220316116
0.02738443668235853,0.010901794794189401,1.60793399811,0.6715399132278573
0.022513894021843922,0.016091853865015215,1.33123397827,0.9663919549747911
0.020584829032364502,0.012920862030445734,1.22164201736,0.7862449847714444
0.026955082469058023,0.011282885227314576,1.58354198933,0.6931900121503928
0.027397253413941836,0.015229247815621072,1.60866212845,0.91738650986978
0.03755360671379531,0.015431054631112273,2.18565392494,0.9288513411508929
0.05170415970067675,0.02232006181717061,2.98955988884,1.3202221919831165
0.012414005265241416,0.032389957830980975,0.75744998455,1.8923022703277477
0.030964910678677036,0.009593183232376346,1.81134402752,0.5971964836851894
0.025976572854335685,0.025120085192358976,1.5279519558,1.4792941019261505
