y_test_true_scaled,y_test_pred_scaled,y_test_true_unscaled,y_test_pred_unscaled
0.011886131345787683,0.01617660275233823,0.727460980415,0.9712066174134975
0.012974232618910555,0.015257704135781397,0.789277017117,0.9190031396586469
0.01006102498986119,0.015324202441979143,0.623775005341,0.9227809697541334
0.011252591783822959,0.014813645901590587,0.691469013691,0.8937757818927814
0.014144676356461522,0.015022848063405106,0.855771005154,0.9056607496180271
0.011567918423488135,0.015602962578132706,0.709383010864,0.9386175901433987
0.016939507578170407,0.015064973768226436,1.01454794407,0.908053949754499
0.01872055694382191,0.016270774028972923,1.1157310009,0.9765565744777117
0.006443903807354338,0.016374496224673796,0.41828301549,0.9824491280613092
0.016723580903174273,0.014980611029443668,1.00228095055,0.9032612247704451
0.02053587658791362,0.01679268325304304,1.21886098385,1.0062067187677162
0.019205762981750064,0.01682865716672563,1.14329600334,1.0082504299768165
0.010572264226977605,0.01638068609213055,0.652818977833,0.9828007801394189
0.01095664447037943,0.015236674869572316,0.674655973911,0.9178084476534939
0.009659317608085041,0.014952438323839329,0.600953638554,0.9016607073860345
0.010865131160250835,0.014716797002166923,0.669457018375,0.8882737066087968
0.01058967320105931,0.014954872461354442,0.653807997704,0.9017989929828707
0.01283579072433334,0.014879817916367437,0.781412005424,0.8975350750717621
0.020314844623316435,0.01534030300539918,1.20630395412,0.9236956576089131
0.013988983913359902,0.017102854463546383,0.846925973892,1.0238278312560325
0.013667127203506449,0.015638040492551145,0.82864099741,0.9406103988080706
0.010491646607549697,0.015419885955845078,0.648239016533,0.928216838409941
0.008980158833077845,0.014894574420391223,0.56237000227,0.8983734056728371
0.011725422793189996,0.01460056858770669,0.718330979347,0.8816706632050624
0.018437459935611404,0.015167807779706943,1.09964799881,0.9138960447735122
0.015876737605595503,0.016666594527064635,0.954171001911,0.9990435019740995
0.011913467621307365,0.01580923498810273,0.729013979435,0.9503361159647329
0.010865007357507705,0.015162784017775488,0.669449985027,0.9136106402256012
0.014274070158899312,0.014926029339985089,0.863121986389,0.900160388660636
0.010460437824143616,0.01565426900170979,0.646466016769,0.9415323553782439
0.013555828536112646,0.014909917771950762,0.822318017483,0.8992450756235707
0.015338583861645771,0.015509135304312464,0.923597991467,0.9332871761962902
0.013692668339215544,0.015766584711813664,0.830092012882,0.9479131144394533
0.01786830934176323,0.015421219046429346,1.06731402874,0.9282925725153223
0.02629733947042419,0.016351773098798164,1.54617500305,0.9811582063265328
0.01109873015251055,0.01857071645413739,0.682727992535,1.1072184245079146
0.010321309768621723,0.016245158123748882,0.63856202364,0.97510131128062
0.0104596981552134,0.014830716614304178,0.646423995495,0.8947455848235363
0.011193454989756546,0.01486122011649995,0.688109397888,0.8964785169116145
0.011885040202963895,0.01500094757326189,0.727398991585,0.9044165625777901
0.01052326037279968,0.015122063842679778,0.650035023689,0.9112972895289294
0.014384032176329576,0.01486778788227653,0.869369029999,0.8968516377417464
0.006841274420939749,0.015701440125852534,0.440858006477,0.9442121904389214
0.007034951749357704,0.014543012225083196,0.451860994101,0.8784008331697052
0.012415009326500356,0.01425879911951266,0.757507026196,0.8622544245594896
0.007798502029146964,0.015476373036564739,0.495238989592,0.9314259215543195
0.011140254432391248,0.014498537263478724,0.685087025166,0.8758741695890518
0.011831922530470435,0.015099314980210284,0.724381327629,0.910004905674523
0.014313711168222524,0.015112691841349758,0.865374028683,0.9107648574911238
0.012107673209730128,0.015613104640621878,0.740046977997,0.9391937700657558
0.013287534349268198,0.015151859387768224,0.807075977325,0.9129900019209086
0.013522648351384572,0.015382218007266524,0.820433020592,0.9260768875162726
0.018697338683310777,0.01540212412214155,1.11441195011,0.9272077722584412
0.018595123780052625,0.01657992619609131,1.1086050272,0.9941197941716337
0.00744489043987571,0.016290502029710455,0.475149989128,0.977677340391484
0.017374636455174175,0.014994528325210227,1.03926801682,0.904051879176564
0.015729212996117497,0.01685171411712641,0.945789992809,1.0095603165906977
0.012947353784038263,0.015775354248916643,0.787750005722,0.9484113199289675
0.005249977941580947,0.015306971052331551,0.350454986095,0.9218020386185922
0.015570464303927216,0.01431863799717524,0.936771333218,0.8656539263790035
0.016451186537240176,0.016614695670637253,0.986805975437,0.996095080082726
0.010470259158827773,0.015934809081194955,0.647023975849,0.9574700959895249
0.017207574093864416,0.015016729145137318,1.02977705002,0.9053131282287675
0.019982918973433385,0.016442469674959555,1.18744695187,0.9863107624527172
0.015502003484513274,0.016657592873876817,0.932882010937,0.9985321097557632
0.01233280640242299,0.01579921298367741,0.752837002277,0.9497667566516929
0.01038189652364467,0.015210124050637666,0.642004013062,0.9163000711463863
0.0031426194262370445,0.014849380167699003,0.23073400557,0.8958058785022056
0.0073806373400167056,0.013989729300984466,0.471499711275,0.8469683200502992
0.014523159182687017,0.014552524155947329,0.877272963524,0.8789412147333776
0.012945258579955536,0.01601345850436238,0.787630975246,0.9619382422450248
0.00390810569767839,0.015290820739945699,0.274221986532,0.9208845244791892
0.006108474959309352,0.014262959117035658,0.399226993322,0.862490757854849
0.01654879555877404,0.014168081126963779,0.992351233959,0.8571006517485831
0.01250683948770835,0.01678838628401877,0.762723982334,1.0059626039950633
0.011756314725499074,0.015267015619746867,0.720085978508,0.9195321336491673
0.010108604063275864,0.015082013999952272,0.626478016376,0.909022021032232
0.011877823971795737,0.014798159348662604,0.726989030838,0.8928959765402555
0.01545306887594609,0.015151981151116739,0.9301019907,0.91299691940902
0.011178679446947885,0.015874664689226693,0.687269985676,0.9540532376205799
0.014329223232450443,0.015049511194581325,0.866255283356,0.9071755066871453
0.013782647754316113,0.015649502486244568,0.835203826427,0.9412615652392956
0.015631696302058753,0.015438106638533074,0.940249979496,0.9292519721953689
0.017094584154979327,0.015821450304962924,1.0233579874,0.9510300793797275
0.011970657145080615,0.016068603646891867,0.732262969017,0.9650710886433719
0.015452593599309391,0.01522219248985688,0.930074989796,0.9169856903071558
0.014400296499601957,0.015869039725505497,0.870293021202,0.9537336782446049
0.008065405533442505,0.015543586824859103,0.510402023792,0.9352443988474857
0.0171378857386813,0.014644535745280518,1.0258179903,0.8841684779704712
0.007092387829435159,0.016695093807023935,0.455123990774,1.000662572348761
0.012010649628297397,0.014817283316233193,0.734534978867,0.8939824267728139
0.011425498054288306,0.015366400565560365,0.701291978359,0.9251782840671346
0.016936658016608697,0.015024651847137478,1.0143860578499997,0.9057632242351946
0.018862065579273123,0.01628178290523298,1.12377023697,0.9771819988897119
0.007574918469089729,0.01640668835564648,0.482537001371,0.984277992707347
0.0073354398956606,0.015030857047458886,0.468932002783,0.906115747387484
0.014492297676481497,0.01430809452158658,0.875519692898,0.8650549418083074
0.0192432374429981,0.016009866283613505,1.14542496204,0.96173416487177
0.033296212883666486,0.016649868837845444,1.9437874555599999,0.9980933001462197
0.026488570645553683,0.021700313028946448,1.55703902245,1.285013691832268
0.0361299716751261,0.02003422893495624,2.10477590561,1.1903619180988068
0.017778995104124673,0.023351752460306567,1.06224000454,1.3788334887773632
0.012930331955828751,0.019271488790571632,0.786782979965,1.1470299471471992
0.03865052840787196,0.015372577163591333,2.24797105789,0.925529182296929
0.009052274980977881,0.02518031009162025,0.566466987133,1.48271553398865
0.013848993435311511,0.0196174642939159,0.838972985744,1.1666851345281877
0.004693113196382539,0.015673540000421357,0.318818986416,0.9426271585855037
0.0103231752031899,0.014379179843036605,0.638668000698,0.8690933644701216
0.012353746902247659,0.015160643670583354,0.754026651382,0.9134890451279277
0.018194162362175803,0.015246088359142367,1.08582603931,0.9183432366764734
0.00966770262109136,0.016541246996124345,0.601429998875,0.9919223931540797
0.01126760653871425,0.01507662559402733,0.692322015762,0.9087159007228002
0.014540251305671723,0.015038262072982075,0.878243982792,0.9065364337158871
0.02159840210240761,0.015693865068919045,1.27922403812,0.9437818444693074
0.01184575171671631,0.017317748774103303,0.725166976452,1.0360361752002616
0.006620418717994791,0.015569315730111083,0.428310990334,0.9367060816803657
0.01142431878068241,0.014341531914137243,0.701224982738,0.866954550912889
0.014652528854095978,0.015257385290105771,0.884622573853,0.918985025741796
0.01282792925005659,0.01571140237009104,0.780965387821,0.9447781547206415
0.015380336861841365,0.015272249453858487,0.92597001791,0.9198294725913483
0.01523765314951247,0.015806813186618987,0.917864024639,0.9501985311892144
0.015051738148274398,0.01569812182683971,0.90730202198,0.9440236748120844
0.006297136178213636,0.015664810444421,0.409945011139,0.9421312244592974
0.014468117321782378,0.014568517971337333,0.87414598465,0.8798498381341352
0.020755605475968157,0.016129009691569635,1.2313439846,0.9685028117440229
0.012606680106182317,0.017072841332412964,0.768396019936,1.0221227576001948
0.01555220339908675,0.015541232196400842,0.935733914375,0.9351106302334874
0.012323829654276018,0.015857162364480037,0.752327024937,0.9530589144122222
0.010078785437818864,0.015210131432614932,0.624783992767,0.916300490523322
0.03389750183069387,0.014801750205342842,1.97794723511,0.8930999764195133
0.04267278725254257,0.023098203697177994,2.47647929192,1.3644291497379284
0.011090492024111739,0.028179490009751035,0.682259976864,1.6531017107853925
0.02185986510568,0.021101098109985672,1.29407799244,1.2509717397292652
0.03633644947286713,0.01780691510444346,2.1165060997,1.0638261655041101
0.03481779687688375,0.023276738833865898,2.03023004532,1.3745718954866044
0.029490705366334205,0.02463645503231035,1.72759306431,1.4518186265616584
0.022344649374886585,0.02173619788066273,1.32161903381,1.2870523433489354
0.018694927677383507,0.01764158790601405,1.11427497864,1.0544337749073966
0.027570121914064445,0.016323406509922367,1.61848294735,0.9795466742546842
0.01848509251695881,0.018996631322031922,1.10235404968,1.131415040903862
0.01404532885061357,0.01684760282038293,0.850126981735,1.0093267500315315
0.010578642166665701,0.015546058351806023,0.653181314468,0.9353848085724208
0.009938735156763015,0.014918247644307575,0.616827607155,0.8997183033534252
0.017091887773293478,0.014763865515972148,1.0232048034699999,0.8909477122815793
0.019795175258682202,0.016463522063902503,1.17678105831,0.9875067680817035
0.018597746719522724,0.016618373261881057,1.10875403881,0.9963040074325208
0.016398468600733154,0.016275519209596717,0.983811020851,0.976826152564645
0.031292022710161994,0.015895083933325366,1.82992756367,0.9552132737071181
0.022705706440311127,0.020940669996894562,1.34213101864,1.241857670688237
0.02135981323004477,0.018280877637735102,1.26566958427,1.0907524140776843
0.013040429316934334,0.016756017858659843,0.793037712574,1.004123723902376
0.017223632778633473,0.015633400761802356,1.03068935871,0.9403468114257754
0.013533037290162949,0.016233931944299063,0.821023225784,0.9744635416740268
0.018429032955516532,0.015431132988879194,1.0991692543,0.928855792727888
0.008331789171136868,0.016507918027194132,0.525535523891,0.9900289436953571
0.012737700131123254,0.015015577324185181,0.775839388371,0.9052476922183426
0.011771981018573678,0.015449807954284085,0.720975995064,0.9299167347333727
0.014336648249597678,0.015084446404222907,0.866677105427,0.909160208161851
0.013976277345223425,0.015621042336789764,0.846204102039,0.9396447179046781
0.012483767062657879,0.015473764641319582,0.761413216591,0.9312777362151504
0.010676216565402998,0.01521002359086298,0.658724606037,0.9162943639339489
0.01806801156228184,0.014898533291934093,1.07865929604,0.8985983128158003
0.02164621514218827,0.016666433582951647,1.281940341,0.9990343585906285
0.010698675222612888,0.017028941382095333,0.660000503063,1.0196287609409849
0.01866369371367853,0.015507133253036189,1.11250054836,0.933173437817124
0.010136634893179057,0.016838721152423797,0.628070473671,1.0088221742846792
0.011164379180775928,0.015154159953672232,0.686457574368,0.9131206991913469
0.014923927552121956,0.015002833925706026,0.900040984154,0.9045237279996124
0.01200575522318035,0.015791210801766403,0.734256923199,0.9493121453182394
0.016879190461298443,0.015147731279708886,1.01112127304,0.9127554802953861
0.014619743159461672,0.01622055252479966,0.882759988308,0.9737034445146394
0.012320558324115957,0.015587557356498152,0.752141177654,0.937742405296651
0.015784679773237068,0.015190088042273252,0.948941111565,0.9151618070353063
0.011049044334063354,0.015927659944988938,0.679905295372,0.9570639469691948
0.011775160021241016,0.01504744703511511,0.721156597137,0.9070582398844367
0.01052986913118438,0.015103424000573226,0.650410473347,0.9102383429104118
0.0116969009490249,0.014868251204830096,0.716710627079,0.8968779595232603
0.015022334996429042,0.015100612344396705,0.90563160181,0.9100786101302981
0.01056922791220716,0.015782921101300543,0.652646481991,0.9488411997905537
0.01150248027956594,0.014953736064227716,0.705665409565,0.9017344332141902
0.01066532402223087,0.015060123068693115,0.658105790615,0.9077783770410129
0.010685982293772711,0.01489090886078795,0.659279406071,0.8981651618516356
0.010758627226277382,0.014899592700415833,0.663406431675,0.8986584987885651
0.012825023033086398,0.014913002526966715,0.780800282955,0.8994203234005865
0.012398880346885693,0.015330907399818135,0.756590723991,0.9231618845918405
0.01541678313083683,0.015196331767760834,0.92804056406,0.9155165188378115
0.01153271332947013,0.015836680743278514,0.707382977009,0.9518953346249511
0.005925640338241578,0.015094989512614551,0.388839989901,0.9097591718717459
0.005105407286583777,0.014256571791766738,0.342241793871,0.8621278880163477
0.003195355723333207,0.01391834428989195,0.23373000323800003,0.842912871743541
0.001649573801718625,0.013619080899207492,0.145912706852,0.8259114425576141
0.006033251677281452,0.013353113797823404,0.394953489304,0.8108016062705033
0.016117359780669506,0.014384441397736855,0.967840969563,0.8693922782445047
0.012879972566533521,0.016664532153895753,0.783922016621,0.9989263366525896
0.013750473729193484,0.015305949074934481,0.833375990391,0.9217439791402638
0.01619630606302996,0.015455791540957269,0.9723259806630001,0.9302566678099488
0.01123590464269976,0.015948176306465514,0.690521001816,0.958229500383527
0.022761910787996803,0.01508964389023481,1.34532403946,0.9094554821349691
0.011802345215442574,0.01809889660469561,0.722701013088,1.080413903779694
0.011059248617909093,0.015706478340282437,0.680485010147,0.9444984160465962
0.012477567482845299,0.014959972943730054,0.761061012745,0.9020887560899608
0.013296247754303705,0.01524607821673124,0.8075709939,0.9183426604767447
0.009442992246231713,0.01537419484080546,0.588663995266,0.9256210840311798
0.016614343866160668,0.014738987786729447,0.996075093746,0.8895343855426853
0.017482819070401456,0.01637977437519538,1.04541397095,0.982748984659606
0.007377227518670365,0.01611809124118571,0.47130599618,0.9678825245094308
0.0175132178899437,0.014867188247013746,1.0471409559199998,0.8968175719095232
0.01890508598376871,0.016904709809725117,1.12621426582,1.012571050756395
0.04415106756369374,0.016391725664154998,2.56046175957,0.9834279484060995
0.012718718442506336,0.02786222867308677,0.774761021137,1.635077801691823
0.01170562064911753,0.02175541494771726,0.717206001282,1.2881440826490267
0.013171923569329919,0.015072859175828325,0.800508022308,0.9085019270317699
0.009079945943566271,0.015370513926918572,0.568039000034,0.9254119679189674
0.020129600045433044,0.01468742825779145,1.19578003883,0.8866052411588893
0.013110966455259635,0.017505437150975335,0.797044992447,1.0466989249643182
0.007705157382646931,0.015535015812521438,0.489935994148,0.9347574717329554
0.01653932150129044,0.014526979574532722,0.991813004017,0.8774900035076701
0.012187271030273894,0.016560734282142428,0.744569003582,0.9930294838426688
0.009812164686388377,0.015224292911797388,0.609637022018,0.9171050172144679
0.014159127703951606,0.014758291553673974,0.856591999531,0.8906310503434762
0.013416981659691527,0.015694479232674717,0.814429998398,0.9438167356786088
0.012469329354446489,0.015372795132814657,0.760592997074,0.925541565329503
0.01520047665415487,0.015206367785507505,0.915751993656,0.9160866742605596
0.01214492839326655,0.015783257539461505,0.742163479328,0.9488603131527193
0.011982504438236757,0.01517496019736455,0.732936024666,0.9143023802161329
0.014475565420793991,0.015125589266228284,0.874569118023,0.9114975720916353
0.01605839295307498,0.015642454333034572,0.964491009712,0.9408611531560894
0.025091532213368323,0.015887637562322976,1.47767198086,0.9547902385039156
0.010967417407519043,0.018319923567589866,0.675267994404,1.0929706493583384
0.007935817633468787,0.016023690376989842,0.503040015697,0.9625195243641553
0.011520092793751654,0.0144547451265509,0.706665992737,0.8733862979079352
0.051328105716385436,0.015180719282381579,2.96819591522,0.9146295591466022
0.021177302804401183,0.03263108449083151,1.25530099869,1.9060008982251055
0.07098311338310484,0.02577698027949328,4.08481502533,1.5166129175719734
0.02886987237252356,0.04422041319737187,1.69232296944,2.564401348965266
0.006335160407619382,0.03548127330832357,0.412105202675,2.067922753204705
0.017312728787812887,0.016820240443513185,1.0357509851499997,1.0077722681697654
0.010362323099887098,0.016996482729177684,0.640892028809,1.0177847549374845
0.011517998638850982,0.015063267892899287,0.706547021866,0.9079570374041169
0.017754182096396003,0.015068700639922522,1.06083035469,0.9082656767722312
0.03219020322884918,0.016495010383083535,1.88095402718,0.9892956485308482
0.03228560688269507,0.02124740679885527,1.8863739967300002,1.259283671260259
0.022470592438141947,0.02223257198030692,1.32877397537,1.3152518136734799
0.006002104795246938,0.01858872375612855,0.393184006214,1.1082414359391897
0.010315694579728224,0.01553244287655104,0.638243019581,0.9346113008678837
0.01748489643837165,0.01502931568364415,1.0455319881399998,0.9060281810878239
0.010677596231584338,0.0165364194283475,0.658802986145,0.9916481345770096
0.013245254662814473,0.015105622189793978,0.80467402935,0.9103632240670693
0.014466269723185909,0.015427308928607504,0.87404102087,0.9286385443375548
0.014100389596689578,0.015592301608220782,0.853255033493,0.9380119306118525
0.014838908640203013,0.015495495126305714,0.895210981369,0.9325122651056459
0.011933622288455455,0.015645091670379946,0.730158984661,0.9410109827226603
0.006385077044727974,0.015135020909622765,0.414941012859,0.9120333924501209
0.0038354439783664616,0.014324626568111863,0.270094007254,0.8659941426161818
0.007726209619700314,0.013751535725643055,0.491131991148,0.8334363233886037
0.008021663295918004,0.014569164512202526,0.507916986942,0.8798865687168845
0.020626686950184665,0.014433958733018733,1.22402000427,0.872205403723519
0.021394813734794314,0.017833133490826672,1.26765799522,1.065315656211423
0.04543649257557639,0.01682015194354114,2.63348793983,1.0077672404047446
0.06948340890201825,0.028589753852096264,3.9996154308299996,1.6764091779875308
0.11616110182811999,0.0454507073376355,6.65141820908,2.634295493570503
0.036093044883566065,0.07668125764824657,2.10267806053,4.408531855488985
0.02167701264862291,0.054932899984715136,1.28368997574,3.1729876017095213
0.021811802362154582,0.019844617984897485,1.29134750366,1.1795899451791414
0.022910297819983706,0.016871677629544946,1.35375404358,1.0106944621402414
0.041153920624652236,0.01712173088925939,2.39019107819,1.0249002184073948
0.02480583115078867,0.02607502040453752,1.46144104004,1.533544851908864
0.027230856230182097,0.022544428923698137,1.599208951,1.3329686942016292
0.024976748183907507,0.018380255954812297,1.4711509943,1.0963981879110298
0.02193251003811426,0.01739260013870171,1.29820501804,1.0402885502461343
0.026886082373254103,0.016872136380239294,1.57962203026,1.0107205241902173
0.023026489843312504,0.018414988110914313,1.36035501957,1.09837135372691
0.01322707139700598,0.017139481856232396,0.803641021252,1.025908667209913
0.006609118045432597,0.015825777479174657,0.427668988705,0.9512759101369334
0.003823351178070566,0.014434422038849384,0.269407004118,0.8722317245549887
0.005941077910983687,0.013760723661581278,0.389717012644,0.8339582985017684
0.006437461343330738,0.014134701494719161,0.417917013168,0.8552043240602508
0.026294892792483093,0.01415810432978859,1.54603600502,0.8565338607011103
0.016993424722531132,0.02029001472323303,1.01761102676,1.2048933445997505
0.014312672484167016,0.01652426276227778,0.865315020084,0.9909575031675057
0.00998420853436243,0.015540748173043878,0.619410991669,0.9350831324202435
0.01396238730678804,0.014849630912731615,0.845414996147,0.895820123558729
0.013248521796263919,0.015634349662243682,0.804859638214,0.9404007193348611
0.024356057877976154,0.015343442131315471,1.43588900566,0.9238739942469144
0.04424418821111892,0.01839752815023188,2.56575202942,1.097379437260106
0.10832389288395433,0.027951931711616806,6.206179142,1.6401739140289946
0.015467995500072875,0.06865871279467589,0.930949985981,3.9527636844910217
0.015060081194262573,0.04795189801656591,0.907775998116,2.7763904424751376
0.007195463056890905,0.01566349683599181,0.460979789495,0.9420565971531112
0.008348009429044598,0.014624619303681578,0.5264570117,0.8830370065575944
0.013061327849723256,0.014509978381847616,0.794224977493,0.8765241500738403
0.01616242188135029,0.015529712784205854,0.970400989056,0.9344562018042409
0.010867454035484003,0.01597518775459794,0.669588983059,0.9597640456601225
0.011398760858166056,0.015044376427466533,0.699773013592,0.9068837958324073
0.011233193572429948,0.015033019630612918,0.690366983414,0.9062386057306575
0.010279029032985946,0.014993848933894119,0.63616001606,0.9040132823294057
0.016202361905763588,0.014823429881917052,0.972670018673,0.8943316188372752
0.010334985775185363,0.016184641944029535,0.639338970184,0.9716633313066976
0.008100186760445239,0.014987290258529802,0.512377977371,0.9036406779339771
0.009112933079958077,0.014460668519820058,0.569913029671,0.8737228113417222
0.0137228908973696,0.014640736834041927,0.83180898428,0.8839526583198991
0.007343871596995506,0.015637042080707167,0.469411015511,0.940553678110544
0.015018803470686078,0.014532328219072105,0.905430972576,0.877793864936123
0.014012729909276014,0.01615865189014143,0.848275005817,0.970186812378985
0.010639927672782778,0.01547600021080281,0.656663000584,0.9314047409789887
0.010212942498408997,0.014925771583797105,0.63240557909,0.9001457452939108
0.004834565176319657,0.014812704605641498,0.326855003834,0.893722306001912
0.004445308888372322,0.01407355451479654,0.304740995169,0.8517305077450976
0.0028823524834658233,0.013799914175573462,0.21594800055000002,0.8361847477405954
0.0028629899440514345,0.013553671701241214,0.21484799683100003,0.8221954857050617
0.0017431878240961286,0.013521702708387713,0.151231005788,0.8203792977413382
0.006391991637859713,0.013348049995692092,0.415333837271,0.810513927001916
0.012008625768171919,0.014469265514962942,0.734420001507,0.8742112145633767
0.016530942783341242,0.015431202808222626,0.9913370013239999,0.9288597592291712
0.013004561143800825,0.01613137963807014,0.791000008583,0.9686374505901264
0.01215819207374711,0.01533537885255256,0.742917001247,0.9234159119449646
0.01215357779858399,0.015152120507940167,0.74265486002,0.9130048363986647
0.014569647113277906,0.015157500036748997,0.879913985729,0.9133104523909442
0.012066061848249375,0.015655706492499276,0.73768299818,0.9416140205555547
0.020914007940175137,0.015149537985670501,1.24034297466,0.9128581209270916
0.013767459885424374,0.017373224839856587,0.83434098959,1.0391878216521084
0.004458193816384316,0.01565955763695541,0.305472999811,0.9418328076233814
0.014799039959746962,0.014363202542408526,0.892946004868,0.8681856792882179
0.021715315958765323,0.016501771874012028,1.28586602211,0.989679775065501
0.006379778706931476,0.017327641053251942,0.414640009403,1.0365981647007092
0.018270045051243623,0.015406677331594676,1.09013700485,0.9274664442861456
0.009508455570382397,0.0173014263916505,0.592383027077,1.0351088856016835
0.00572296842568734,0.015072047306066927,0.377326011658,0.9084558039619717
0.04649455279800209,0.014117197548055488,2.69359731674,0.8542099087092917
0.039366851088104914,0.0306203622991902,2.2886660099,1.7917699163613525
0.01484447137031063,0.02987364512285,0.895527005196,1.7493482249996815
0.013287200711363937,0.02014486444510779,0.807057023048,1.196647223451354
0.020113457426627696,0.015350206266209601,1.19486296177,0.9242582709876931
0.014798951828964855,0.016997576740172778,0.892940998077,1.0178469067109412
0.016289281924229335,0.01571743365178295,0.977608025074,0.9451207973952128
0.03133742684202745,0.015925547453997893,1.83250701427,0.9569439344079924
0.02379109559389412,0.02097491533421947,1.40379297733,1.2438031798804772
0.011796606223805942,0.018514558393587496,0.722374975681,1.1040280333027817
0.010697628145171351,0.01584740507650101,0.659941017628,0.9525045938846003
0.012119783845997732,0.014896926165183934,0.740734994411,0.8985070104631364
0.008856872282959909,0.015182934698483017,0.555365979671,0.9147554189782369
0.02085109726075457,0.014618606292973117,1.23676896095,0.8826954018744412
0.010019255202840737,0.017781057423281454,0.621402025223,1.0623571667930327
0.011594145720177113,0.015375742294347669,0.710873007774,0.9257089962938733
0.0044758839695844,0.015095051768000627,0.306477993727,0.9097627086576366
0.010475733758170888,0.014157773364701025,0.647334992886,0.8565150582692913
0.00868896428601892,0.015227682005785087,0.5458269715309999,0.9172975547691101
0.017110246251396122,0.014553728259591642,1.02424776554,0.8790096209717567
0.013474224691432711,0.01660889615949588,0.817682027817,0.9957656045068544
0.012178346740912805,0.015419344836117288,0.744062006474,0.9281860968992199
0.012049023233232604,0.015155943168000535,0.736715018749,0.9132220052417015
0.00923514527404188,0.015137637548272478,0.576856017113,0.9121820461047043
0.015191816757087296,0.014669601009102744,0.915260016918,0.8855924587217601
0.019095450539625886,0.016008099561034675,1.13702905178,0.9616337957329106
0.007812038495324669,0.016561451183984256,0.496008008718,0.993070211697383
0.0077790870309290905,0.015067507936631266,0.49413600564,0.908197918198422
0.014631947172386453,0.014387509974969591,0.883453309536,0.8695666069467379
0.0214628800642025,0.016000087114731595,1.27152490616,0.9611786012698782
0.014684466814664536,0.017267353987921258,0.886436998844,1.0331732009264811
0.014902576824560712,0.015792855023331304,0.898828029633,0.949405555061535
0.015010829734598389,0.015645085714131944,0.904977977276,0.9410106443427187
0.013689851302191913,0.015662199099336478,0.829931974411,0.9419828715370339
0.014494239700881989,0.015419526400905409,0.875630021095,0.9281964117622603
0.008767559094503406,0.015585729023418676,0.550292015076,0.9376385360084366
0.017984579004035987,0.014719479984705304,1.07391941547,0.8884261293208734
0.014028871478987319,0.01686340768384141,0.849192023277,1.01022463889882
0.010334704596084588,0.015525041281463578,0.63932299614,0.9341908094256977
0.013154725479591395,0.014884302756043688,0.799530982971,0.897789862949396
0.016060311895628697,0.015423637250014464,0.964600026608,0.9284299528909021
0.013890939483878578,0.0159463924587721,0.841355979443,0.9581281583511164
0.01142291078676162,0.015460216840687088,0.701144993305,0.9305080731683221
0.011825333706439156,0.015037866136479124,0.72400701046,0.9065139401980477
0.016864875506718537,0.015105859668998946,1.0103080272699998,0.9103767154796912
0.01058963857824514,0.016230696809100387,0.65380603075,0.9742797506601597
0.013044782347332499,0.015055092774244515,0.793285012245,0.9074926013747792
0.010590230313403396,0.015386569308154387,0.65383964777,0.9263240889321974
0.019513696079518413,0.014893983689514667,1.16078996658,0.8983398457070065
0.013313990366289672,0.017109349852717212,0.808578968048,1.0241968403044508
0.005671059403721277,0.015512778274600014,0.374377012253,0.933494136697635
0.003582076940248625,0.014375261916231744,0.25569999218,0.8688707834354814
0.007694226544567449,0.013690137272610065,0.489315003157,0.8299482206541584
0.019356227381883185,0.014586539651473648,1.15184402466,0.880873666401095
0.012058932698681265,0.017453803103023385,0.737277984619,1.043765547086623
0.018245647517144196,0.015375128399564925,1.08875095844,0.9256741203651718
0.03386063798970505,0.0165815900326454,1.9758529663100002,0.9942143182605528
0.014127056498036633,0.022069830428536295,0.854770004749,1.3060063160477664
0.013123147386320037,0.018223151931135176,0.797737002373,1.087472963454868
0.017606298668802853,0.015320568923349431,1.0524289608,0.922574546210186
0.0550466701334404,0.016324979220940845,3.17945098877,0.9796360214178953
0.030713620484052788,0.03445195588506421,1.79706799984,2.009446281220076
0.01768151408195654,0.029709499748731834,1.05670201778,1.740022974931891
0.01448536787030678,0.017523548360196622,0.875126004219,1.047727839461153
0.010778580451667973,0.015581381257280973,0.664539992809,0.9373915354049279
0.012409048958770407,0.014960278116385534,0.757168412209,0.9021060932299289
0.023169578537432494,0.015240964668583878,1.36848402023,0.9180521550911132
0.01501556466499368,0.01808324787397389,0.905246973038,1.0795248849571564
0.01724777641225993,0.015976495094430783,1.0320609808,0.9598383168415696
0.009891304017120304,0.01612778128769328,0.614133000374,0.9684330249870534
0.016213680414315094,0.015015540217488688,0.973313033581,0.9052455841526974
0.010438663229567102,0.016223412819301702,0.645228981972,0.9738659404828771
0.007696409354814852,0.0149991440974718,0.48943901062,0.9043141054551076
0.013882349881586197,0.014404987836022926,0.840867996216,0.8705595403501192
0.012761544749554009,0.01580301743416701,0.777194023132,0.9499828909922227
0.010972117715100163,0.0152573565650031,0.675535023212,0.9189833938422248
0.010684689709173821,0.014949676254168119,0.659205973148,0.9015037916610129
0.018164714095766133,0.014896419602179481,1.08415305614,0.8984782321517342
0.015476093038903694,0.016693580104441517,0.931410014629,1.0005765775092161
0.0230110816475447,0.015741986017243095,1.35947966576,0.9465156399175907
0.012518718256132502,0.01766674949465192,0.763398826122,1.0558632279602869
0.00851130524916897,0.015779112672974077,0.535733997822,0.9486248394654435
0.011018833316859093,0.014588464681200397,0.678188979626,0.8809830291150083
0.012881011250571428,0.01503192748042493,0.783981025219,0.9061765596713683
0.01966468296914624,0.015332849687057122,1.16936767101,0.9232722277209378
0.016952534144932446,0.016906363913169867,1.01528799534,1.0126650218983972
0.015379861585204666,0.015997779089191456,0.925943017006,0.9610474802106326
0.022302843915993124,0.01571438038174707,1.31924402714,0.9449473383089484
0.01618609758249121,0.01745109022117001,0.9717460274700002,1.0436114257668903
0.019786702114928983,0.016011916979839426,1.1762996912,0.9618506668153827
0.029262157106384735,0.016671475906061953,1.71460902691,0.9993208176162258
0.02209325426276098,0.019641128568476184,1.30733704567,1.168029523787605
0.009971499867879449,0.01754549957465116,0.618689000607,1.0489749081962907
0.039538823592209726,0.015531685387437787,2.29843592644,0.9345682672128528
0.03091029058638835,0.02606860350154252,1.80824100971,1.5331803017324692
0.014560863413467202,0.02395759518219443,0.879414975643,1.4132519724763808
0.026733347556708902,0.017390983582963482,1.57094502449,1.0401967122239635
0.026866613867050693,0.019137984977145993,1.57851600647,1.1394454723979959
0.009995122061052429,0.018203327379700013,0.620030999184,1.0863467124069306
0.01655812063330362,0.016339198259996107,0.9928810000419999,0.9804438181384934
0.007093496808265861,0.01630817674145993,0.455186992884,0.9786814570644359
0.016989691755136285,0.014757451993648696,1.01739895344,0.8905833541642528
0.013829173455249732,0.016781304476566776,0.8378469944,1.0055602799833354
0.007679475657369847,0.015467406831471776,0.488476991653,0.9309165431749399
0.02101958650120929,0.014570031685353549,1.24634099007,0.8799358336232446
0.020373407518354723,0.01802560462458161,1.20963096619,1.0762501188043432
0.021127137512536268,0.016593462314949167,1.2524510622,0.9948887935660727
0.0258317949869653,0.016770438261370618,1.51972699165,1.0049429602779283
0.01780641846113879,0.01807528459351755,1.06379795074,1.0790724836512149
0.02674302935097192,0.01651768822444702,1.57149505615,0.990583997610731
0.02157870487592451,0.018752669330130943,1.27810502052,1.1175553351781606
0.020064435736513266,0.016975016849480627,1.19207799435,1.0165652585174632
0.013698862673153057,0.01652921390028811,0.830443918705,0.9912387818834885
0.023759811269978597,0.015590281896226875,1.40201568604,0.9378971889110322
0.01943825404444914,0.01812553567488529,1.156504035,1.0819272939219797
0.01954476217515081,0.016484170962311306,1.16255486012,0.9886798510413723
0.009655768246335163,0.016463835626083362,0.60075199604,0.9875245818383446
0.021151511964806517,0.015208573595762151,1.25383579731,0.9162119883751801
0.030621666520031253,0.017765850683627266,1.79184401035,1.0614932578906167
0.029604582907780657,0.020201307612479333,1.73406255245,1.199853811837932
0.08603578129779062,0.020465776560627653,4.93997097015,1.21487853665822
0.0412271447020601,0.05379125467150815,2.39435100555,3.108129678715528
0.03802749424331279,0.044844437724477236,2.21257591248,2.5998527577847628
0.03228830116619283,0.0276137018506276,1.8865270614599998,1.6209587637327225
0.01552842382953852,0.024006073494350418,0.934382975101,1.416006070093494
0.015098929026670028,0.01782612970109139,0.909982979298,1.0649177644581245
0.013361886290818947,0.015670075736421214,0.811299979687,0.9424303505531377
0.017558420580262885,0.01536430161025227,1.04970896244,0.9250590404805623
0.02287569180539834,0.016296180700276566,1.35178804398,0.9779999509028438
0.021564639625265385,0.017421819074152266,1.27730596066,1.0419485049128732
0.012906780057430962,0.016792151415482674,0.785444974899,1.006176504585486
0.00761163647463549,0.01564252643383976,0.484622985125,0.9408652492693187
0.01083307674116072,0.014505262418819845,0.667635977268,0.8762562318654797
0.013730671585103417,0.015038587656532418,0.832251012325,0.9065549304176139
0.00957101372672734,0.015529678195100358,0.595937013626,0.9344542367652618
0.0050851157019960866,0.014772872946014565,0.341089010239,0.8914594326883524
0.01115651875566363,0.014053848293511403,0.686011016369,0.8506109791420995
0.013433193524178023,0.015342066035682937,0.815351009369,0.9237958169850847
0.006096435142399166,0.01544747991572857,0.398543000221,0.9297844767162687
0.011399517313921135,0.014412667178213975,0.699815988541,0.8709958108613802
0.006586235521189833,0.01529949975692843,0.426369011402,0.9213775874372006
0.011167132218063886,0.014311687711523274,0.686613976955,0.8652590742420161
0.0022967080591394353,0.015194839575286924,0.18267700076100002,0.9154317460073662
0.011435892238959352,0.014052913986673896,0.701882481575,0.8505579003091039
0.03070682602155339,0.01584152965084734,1.79668200016,0.9521708055352819
0.011762317060264768,0.0213335326457293,0.720426976681,1.2641765600408006
0.007320161273040415,0.017247468889329452,0.468064010143,1.032043510138742
0.01036223496910499,0.014411040552872102,0.640887022018,0.8709034007757408
0.012318988757126908,0.01494615809494746,0.752052009106,0.9013039217914708
0.016715424610465244,0.015237024412769341,1.00181758404,0.9178283055248428
0.028315068208540902,0.016155963813946413,1.66080403328,0.9700341002915779
0.024614916826879392,0.01953145370261221,1.45059502125,1.1617987935228782
0.01817979914557344,0.017627476728996005,1.08501005173,1.0536321059285962
0.01843582322128771,0.016409093934000342,1.09955501556,0.984414655831897
0.012624669274472486,0.01627061803277504,0.769418001175,0.9765477121898605
0.02116197854266967,0.01537068554556225,1.25443041325,0.9254217177323703
0.02541979623988418,0.017387183499435487,1.49632096291,1.0399808259745493
0.011730809261768603,0.017924092117527435,0.718636989594,1.070483099670395
0.014750739053356178,0.016103536158604236,0.890201985836,0.9670556368462311
0.016492903865474747,0.015717629586490894,0.9891759753230001,0.9451319286266493
0.04923024512740366,0.015971336890902153,2.84901452065,0.95954527454255
0.07443773034856838,0.03098598936925482,4.28107500076,1.8125415273691148
0.021061796942087475,0.048958095452941504,1.24873900414,2.833553446685159
0.011572776107462105,0.03516895378631636,0.70965898037,2.0501795931588216
0.012278362571733726,0.015492616646418704,0.749743998051,0.9323487360089188
0.014760297044911271,0.0151917902962386,0.89074498415,0.9152585136527851
0.02494817912677879,0.01569271231358403,1.46952795982,0.9437163553757296
0.027401229790165134,0.018422113019963174,1.60888803005,1.0987761263801012
0.017448441776095773,0.01845663249989732,1.04346096516,1.1007372098667687
0.019935464751803078,0.016743363968329095,1.18475103378,1.0034048447240955
0.007994477052551996,0.01663252929161852,0.506372511387,0.9971082245356717
0.01130797882356405,0.015177163943121678,0.694615602493,0.9144275770447458
0.015449707316675016,0.015126715670717994,0.929911017418,0.9115615641693923
0.012731074585931297,0.01591005318959919,0.775462985039,0.956063690959704
0.014156973746025875,0.015268392460745225,0.856469631195,0.9196103532559169
0.015396723938692422,0.015543843359272051,0.926900982857,0.9352589728040445
0.012294592272209536,0.01575811836797391,0.750666022301,0.9474321336388078
0.01536123766555604,0.015201849305247157,0.924884974957,0.9158299752303221
0.01791845155162295,0.01582932150754862,1.07016265392,0.9514772496569296
0.014488219530144585,0.016265008681680446,0.875288009644,0.9762290397815996
0.012302301616003708,0.01558790991989116,0.751103997231,0.9377624347481187
0.014267662842289714,0.01518526255554474,0.862757980824,0.914887666684511
0.008052291885098015,0.015582886021758557,0.509657025337,0.937477022462495
0.014034732175020572,0.014634338835294539,0.849524974823,0.8835891821112436
0.010894702180221575,0.01580916524128753,0.671136975288,0.9503321535838455
0.009875198119387623,0.014962577272296614,0.613218009472,0.9022367103973686
0.00578860696218498,0.014753011381197112,0.381054997444,0.8903310788760357
0.01441348044272164,0.014143262531818586,0.871042013168,0.8556906844722981
0.010593616003720902,0.016181188652735455,0.654031991959,0.9714671466438813
0.015081052120173197,0.014932777548117768,0.908967375755,0.90054376058741
0.016171258039946877,0.015868155666957484,0.970902979374,0.9536834540632712
0.016431578490686032,0.01589124233904525,0.985692024231,0.9549950291935976
0.022954342220179665,0.015915823323883492,1.35625624657,0.9563914976092359
0.0221378924964793,0.01755138872458939,1.30987298489,1.049309476234871
0.010249667848176333,0.016901584658807783,0.634491980076,1.0123935080509712
0.009525491037870605,0.015549120316997997,0.593350827694,0.935558761638521
0.014564789429321537,0.01469137035219717,0.879638016224,0.88682919517722
0.019004048442196584,0.015818553237299263,1.13183641434,0.9508654942942684
0.03149174591414567,0.016581630670500808,1.84127402306,0.9942166269345921
0.03889299713241318,0.020787543144316273,2.26174592972,1.2331583929896872
0.04481140202633606,0.025626955011706656,2.59797596931,1.508089843765517
0.04131235876069703,0.03040683015235343,2.3991920948,1.7796389581941636
0.03397408536914952,0.0302363721140377,1.98229801655,1.769955079852183
0.039030330048106895,0.02582632305843776,2.2695479393,1.5194161263444956
0.03460058391225783,0.026199695482539462,2.0178899765,1.540627758057364
0.024644260175611683,0.025354056775528197,1.45226204395,1.4925862433192985
0.022717446717443385,0.01995833993032136,1.34279799461,1.1860505937656185
0.022173837259445127,0.016988580753305553,1.31191504002,1.0173358364015028
0.02155506484686783,0.016915041454310643,1.27676200867,1.0131580010124661
0.021528749419414343,0.01680287614421374,1.27526700497,1.0067857863143417
0.020387753948220236,0.01681489754613736,1.2104460001,1.007468733242974
0.013433141065392142,0.01658850166849915,0.815348029137,0.9946069746668633
0.011879988421471602,0.01558618748526458,0.72711199522,0.937664581648666
0.009718256107922516,0.015105312315237054,0.604301989079,0.9103456198077443
0.01638482406943752,0.014737989592047168,0.983035862446,0.8894776771823151
0.018470569825564283,0.016287310603481257,1.10152900219,0.9774960325244786
0.019917404239643673,0.01634274226092701,1.18372499943,0.980645156099424
0.0067494258991426135,0.016578102612551784,0.435640007257,0.9940161947091636
0.004837188115824965,0.015144187129485717,0.327004015446,0.9125541338530242
0.013233126190557557,0.013894340511816365,0.803984999657,0.8415491949763515
0.0065038038767975745,0.01596580196940068,0.421685993671,0.9592308305481083
0.009175297138784694,0.014426526800202483,0.573455989361,0.871783188766985
0.006050718356024108,0.014719406774600124,0.39594578743,0.8884219701872886
0.006410318640764757,0.014141225889418567,0.416375011206,0.8555749809394945
0.008945430064860992,0.014151027264848078,0.560397028923,0.856131806115833
0.01272125325124714,0.014672116249034972,0.774905025959,0.8857353518216999
0.010295293356258324,0.015402628044317926,0.637084007263,0.9272364005419652
0.00583914313760905,0.014842574192437737,0.383926004171,0.8954192247715874
0.009024234708506605,0.014171556929413805,0.564873993397,0.857298115290927
0.017646538757576304,0.014725468807030476,1.05471503735,0.888766359839667
0.010589021662875996,0.016728687398285924,0.653770983219,1.002571055246169
0.009521128564886756,0.015108833392321261,0.593102991581,0.9105456554438053
0.017081400211965254,0.014691345029554471,1.02260899544,0.8868277565745375
0.013796432875179737,0.016504956509091798,0.835986971855,0.989860697121045
0.010303214633560133,0.01546488348371116,0.637534022331,0.9307731894617929
0.0162539100112504,0.014872148521289007,0.9755985140800001,0.8970993696651416
0.007702904277624333,0.016196342149365016,0.489807993174,0.9723280307609711
0.018419856864011378,0.014763849020328873,1.09864795208,0.8909467751488737
0.019344291957944935,0.017146115931937427,1.15116596222,1.0262855551682268
0.013270794749359117,0.0164534012044444,0.806124985218,0.9869317927230933
0.007433044195901622,0.0154973227924457,0.474476993084,0.9326160965044128
0.01297997056136513,0.014509970154290647,0.789602994919,0.876523682658742
0.007464305962675809,0.015587613953160308,0.476253002882,0.9377456206052177
0.008683613489436541,0.014494679120971889,0.545522987843,0.8756549849555116
0.010017124326779385,0.01457096653357546,0.621280968189,0.8799889432127872
0.012648467729174478,0.014809140862147269,0.770770013332,0.8935198464477535
0.015516525126778551,0.015324764593413656,0.933706998825,0.9228129060955074
0.013357574178274474,0.015846758160550145,0.811055004597,0.9524678419928881
0.009652265048331648,0.01536767694864119,0.600552976131,0.9252507965669534
0.016727806983318348,0.014768856862742381,1.00252103806,0.89123127529429
0.014785292609208472,0.016390047157735767,0.892165005207,0.9833325909086141
0.015206338399370176,0.015613057595454519,0.916085004807,0.9391910973864162
0.012130468652372838,0.01570275291585794,0.741342008114,0.9442867712496975
0.015421789797764818,0.015172978936246646,0.928324997425,0.9141898229450353
0.010398389567231945,0.015852535406388327,0.642940998077,0.9527960526563538
0.0165955783077796,0.014951571038636181,0.9950090050699999,0.9016114361138899
0.010120196406724173,0.016280239066064926,0.627136588097,0.9770942919629472
0.017364444761425082,0.014990033212871012,1.0386890173,0.9037965076994744
0.011205628576595371,0.016522312068154014,0.688800990582,0.990846682435532
0.008259223975993074,0.015151028355142392,0.52141302824,0.9129427901911111
0.010540721805667267,0.01450693847096289,0.651027023792,0.876351449933272
0.01949454442453522,0.014937436886163627,1.1597019434,0.9008084618783324
0.010445898345889028,0.017109366919955835,0.645640015602,1.0241978099100153
0.0201310542031354,0.015254879896052453,1.19586265087,0.9188426919953163
0.02204690587250322,0.017321664215639576,1.30470395088,1.0362586150445017
0.01464936768740035,0.017000351746365112,0.884442985058,1.0180045573716572
0.01263088249356376,0.0158373464515406,0.769770979881,0.9519331541251927
0.0126386107225293,0.015240048205614615,0.770210027695,0.918000089984727
0.010378798307502662,0.015242997883181238,0.641828000546,0.9181676638872868
0.014812593212749529,0.01485381510498629,0.893715977669,0.8960578313791057
0.008317522478597027,0.01581650108212307,0.524725019932,0.9507489094663454
0.00813262832540755,0.014696181851185167,0.514221012592,0.8871025408715781
0.011706832447155887,0.014448579789594282,0.717274844646,0.8730360394301588
0.010365578692386754,0.015212505013597354,0.641076982021,0.9164353358476945
0.007336320154158807,0.01484017732383864,0.46898201108,0.8952830564562371
0.020269889538729942,0.014353243038665468,1.20375001431,0.8676198706965713
0.013008010833836403,0.017820688869564928,0.791195988655,1.064608665801927
0.019082638004770797,0.015535943408245358,1.13630115986,0.9348101693013995
0.014294682266694793,0.01672887102893747,0.86429297924,1.0025814874728156
0.014595857623159627,0.015604037670786289,0.881403028965,0.9386786671484288
0.009321131526041481,0.01559254817805196,0.58174097538,0.9380259384713323
0.014309239580956297,0.0147848067607394,0.865119993687,0.8921374037074543
0.015060723289842601,0.015769456243795152,0.907812476158,0.9480762488192608
0.012067663939706087,0.015684684187384446,0.737774014473,0.9432602701233178
0.018802302427181478,0.01516015140067798,1.12037503719,0.9134610788206643
0.015666865724115738,0.01673725175113562,0.942247986794,1.0030576040290469
0.017740622548318714,0.015783883398683668,1.06006002426,0.9488958687922568
0.011681611310072355,0.016209729419979543,0.715842008591,0.9730885739494485
0.006192860169051895,0.015225184781880105,0.404020994902,0.9171556851762914
0.004222411489294971,0.01429048388245674,0.29207798838599996,0.8640544651599606
0.010202149626933566,0.013792384972423001,0.631792426109,0.8357570067666785
0.01887782000300662,0.015183510835359404,1.12466526031,0.9147881498454602
0.01871985189770586,0.016960145838468672,1.11569094658,1.0157204226687995
0.021038561894663476,0.01631137068211247,1.24741899967,0.97886290777815
0.011360810071064067,0.016830468405284377,0.697616994381,1.0083533281095447
0.06410344942282561,0.015475884774669872,3.69397497177,0.9313981829458289
0.013523545396690038,0.04037773941911029,0.820483982563,2.346095508159576
0.014171713616873513,0.029793293345145938,0.85730701685,1.7447833664131551
0.011230887484004037,0.015524933040481026,0.690235972404,0.9341846601556661
0.013842375234358727,0.01501505419021286,0.838596999645,0.905217972494975
0.02174807332566018,0.015535334481996774,1.28772699833,0.9347755756397054
0.01603607278706897,0.017437082741679544,0.963222980499,1.0428156479402546
0.022726282876075178,0.01595761970708373,1.34329998493,0.9587659886807348
0.011959286177743228,0.017518403703164036,0.731616973877,1.0474355667510653
0.01106694012571395,0.015710587207236483,0.680921971798,0.9447318445671842
0.011428779876198503,0.014961165885152068,0.701478421688,0.9021565281921979
0.010871221625781035,0.015035264205272528,0.669803023338,0.90636612208687
0.023119570621995628,0.014927590311288041,1.36564302444,0.9002490688797825
0.016298681490244726,0.018278083683042,0.9781420230869999,1.0905936869351667
0.011027458591112496,0.01608828094678033,0.67867898941,0.9661889741951556
0.009600866974998512,0.01507008251762336,0.597633004189,0.9083441825186931
0.0135040684971006,0.014707667758077317,0.819377481937,0.8877550658336739
0.01300651470915111,0.015548492901048212,0.791110992432,0.9355231175598518
0.017460524084641535,0.015302388814148526,1.04414737225,0.9215417174419739
0.023724611421694842,0.016296118440960558,1.4000159502,0.9779964138936899
0.014480721070675995,0.017697656929191202,0.874862015247,1.0576191078172799
0.010044179423180689,0.015996751958752657,0.622817993164,0.9609891279832519
0.011691538611510328,0.014864425192365367,0.71640598774,0.8966606002270403
0.010564009311771538,0.015114735258664816,0.652350008488,0.9108809459130981
0.015590859232322389,0.01487369072863777,0.937929987907,0.8971869838867477
0.009531637109715248,0.015999790861102085,0.593699991703,0.961161770828
0.008574849630765937,0.014865666804394502,0.539344012737,0.896731137351349
0.015574647367835892,0.014525516100574808,0.937008976936,0.877406862202601
0.013317388646721424,0.016178400040497698,0.808772027493,0.9713087230111784
0.009033986797580022,0.01536199184976212,0.56542801857,0.9249278208572067
0.009679179555182564,0.01468797279665731,0.602082014084,0.886636176913997
0.01926532888867161,0.014732059080784309,1.14667999744,0.889140759368742
0.01637407106665133,0.017144878650310703,0.982424974442,1.0262152640580724
0.009064315322470292,0.01590094462956286,0.567151010036,0.9555462252647212
0.01292781498307726,0.01487656245033251,0.786639988422,0.8973501290443399
0.012086497694515839,0.015444594869343721,0.738843977451,0.9296205745707443
0.011068841232260753,0.015139586980110122,0.681029975414,0.9122927951250395
0.011555860246006413,0.014961587579005647,0.708697974682,0.9021804850088784
0.010773177196299711,0.015059885765002994,0.664233028889,0.9077648955995512
0.008101965113430965,0.014909823266749687,0.512479007244,0.8992397066959511
0.009713609308291729,0.01447203351448939,0.604038000107,0.8743684671689425
0.010925383228205071,0.014764953942724965,0.672879993916,0.8910095468090828
0.013630171035060111,0.014965673921928782,0.826541483402,0.9024126339185
0.007084678485640986,0.015502157431567139,0.454686015844,0.9328907568110899
0.008928777546534363,0.014503322795237562,0.559450984001,0.8761460400611761
0.0014261853883793712,0.014636193155873223,0.133221805096,0.8836945277732519
0.00195575241527417,0.01382132155614596,0.16330699622600003,0.8374009207714064
0.0022458206721129074,0.01337377870210793,0.179786041379,0.8119755985387316
0.009198811266857353,0.013416854208710471,0.57479184866,0.8144227577902393
0.014057437388552271,0.01518444593069284,0.850814878941,0.9148412734736365
0.014091746486429262,0.015714942359834574,0.852764010429,0.944979264802319
0.028787230892970174,0.01549911695579953,1.68762803078,0.932718024579004
0.0369176047363171,0.020069697244849263,2.14952206612,1.1923769054903872
0.013379224970107857,0.024073957392056422,0.812285006046,1.4198626169202664
0.02090163396077847,0.019178523179741058,1.23963999748,1.1417484850691029
0.036546465091373034,0.01722385898288986,2.12843728065,1.0307022095823961
0.036736600926950524,0.023408817479173484,2.1392390728,1.3820754051208242
0.016295970419957312,0.025638444912436775,0.9779880046840002,1.5087425956212308
0.011293234756023398,0.019332433188833306,0.69377797842,1.1504922546113863
0.011787876031963176,0.015101396892269872,0.721879005432,0.9101231810184315
0.012513739916961563,0.015100940783567225,0.763116002083,0.9100972690624405
0.014158089019896097,0.015233795842967385,0.856532990932,0.9176448874972176
0.018608026544036323,0.015551439181483849,1.10933804512,0.9356904984682676
0.010480997473153213,0.01650821036029254,0.647634029388,0.9900455514082482
0.015348951816906275,0.015176145170152533,0.924187004566,0.9143696996129227
0.012947036932941261,0.01594423433438015,0.787732005119,0.9580055533143285
0.022062097938175988,0.015300036314196568,1.30556702614,0.9214080697503814
0.015112800179934048,0.0176397000942259,0.910771012306,1.054326526578895
0.014394505049179444,0.015882946595096994,0.869964003563,0.9545237403301041
0.009190189140114912,0.015544075074662204,0.574302017689,0.9352721367690319
0.014218292825757468,0.014759264316411294,0.859953224659,0.8906863138916016
0.00748775189431978,0.015756705590138143,0.477584987879,0.9473518724271865
0.0185847810049678,0.014580388837536276,1.10801744461,0.8805242329894343
0.02180084477008233,0.017231337495853573,1.29072499275,1.0311270708000604
0.014204294722204155,0.017034298828255898,0.859157979488,1.019933122397653
0.004465674964445821,0.01577479382884075,0.305898010731,0.9483794819476733
0.014991890013017217,0.014409212141360886,0.903901994228,0.870799527031747
0.010263450870675846,0.016561065643553446,0.635275006294,0.9930483087899885
0.017095727756729812,0.014914591418100302,1.02342295647,0.8995105897710571
0.01092867449268335,0.01643158138409804,0.673066973686,0.9856921886084041
0.014051525282897586,0.015104993752747167,0.850479006767,0.9103275219789363
0.00813220550755673,0.015598594696930049,0.51419699192,0.9383694467845011
0.02597665469000786,0.014627876302838724,1.52795660496,0.8832220396831036
0.07115157744319026,0.019833336444024227,4.09438562393,1.178949030439032
0.016599573569227075,0.04440042566246058,0.9952359795569999,2.574628023102688
0.014343123762635962,0.03308380232565418,0.867044985294,1.9317202158881848
0.019166334955134146,0.015539608283047207,1.14105606079,0.9350183742184006
0.027636570414249897,0.016640832317894885,1.62225794792,0.9975799271149401
0.03393724251162576,0.018976995299632038,1.98020493984,1.1302995003642677
0.02329390377164114,0.022228149504173532,1.37554705143,1.3150005687262236
0.03167817186398147,0.0193677089804732,1.8518650531800003,1.1524963048634786
0.024092639211147793,0.02068583138981548,1.42092394829,1.2273800544245639
0.02705428833613833,0.018710457111036367,1.58917796612,1.1151572200860478
0.028533254808304598,0.018333391934554924,1.67319941521,1.0937357997052712
0.03646719776124017,0.019139607793382175,2.12393403053,1.1395376660848286
0.028096764101091198,0.023782376717713126,1.64840197563,1.4032976499341798
0.02028734992227466,0.021778088727539398,1.2047419548,1.2894322009890005
0.013023641454932384,0.017091920782179457,0.792083978653,1.023206678735251
0.020679624164491307,0.015538804005578041,1.22702741623,0.9349726824737251
0.020678279121018522,0.017193552720975322,1.22695100307,1.0289804828965767
0.018995380151637372,0.016663007418558383,1.13134396076,0.9988397150320623
0.02112738301972883,0.016343037689409673,1.25246500969,0.980661939663949
0.01874099279007077,0.016836821313582023,1.11689198017,1.008714242688171
0.018837718405560266,0.016302849903488646,1.12238705158,0.9783788344872254
0.017390214617378663,0.01633798728844777,1.04015302658,0.9803750217281535
0.013323707832566518,0.01606412406217051,0.809131026268,0.9648165993045713
0.012601574816722085,0.015407820187986719,0.768105983734,0.927531371011645
0.013132916262200709,0.015230118050140747,0.79829198122,0.9174359486953161
0.012576337941995747,0.015338939751690539,0.766672253609,0.9236182099086218
0.01769309698283677,0.015226555903995867,1.05736005306,0.9172335798880471
0.014232669681761742,0.0163885032998679,0.860769987106,0.9832448829194957
0.017929266455815912,0.015544714380265306,1.0707770586,0.93530845630987
0.00841303209935515,0.016331589663279585,0.5301510095599999,0.980011566742877
0.010706041485917119,0.014968150299450235,0.660418987274,0.9025533192090472
0.01652356707745133,0.014966959350020431,0.990917980671,0.9024856602737243
0.0053502760007023,0.016233073519782835,0.356153011322,0.9744147737856769
0.016011447581836705,0.014689179140481533,0.961823999882,0.8867047104190625
0.02099297310781257,0.016737556886141716,1.24482905865,1.0030749390301188
0.013834032188388155,0.01700624498689652,0.83812302351,1.0183393578006077
0.01535620372005306,0.015672258807491048,0.924598991871,0.9425543728337005
0.013394732837642764,0.015760257104071612,0.813166022301,0.947553637208721
0.016737312516052354,0.015371923735768407,1.00306105614,0.9254920604597602
0.014487268976853583,0.016092645153426212,0.875234007835,0.9664369087990943
0.013147842886327494,0.015564496511921294,0.799139976501,0.9364322974510357
0.014593976450948643,0.015325089678994167,0.881296157837,0.9228313745071088
0.017793784286176822,0.01562210029656455,1.06308019161,0.9397048215750651
0.015023626531845876,0.01627685512335031,0.905704975128,0.9769020470568789
0.01124356152769045,0.015665214371007798,0.690955996513,0.942154171901168
0.022949304077878055,0.015042043889026482,1.35597002506,0.9067512821727135
0.012410309018901632,0.018164060393677545,0.757239997387,1.0841159187215457
0.03505585906302367,0.015764872644378626,2.0437545776400006,0.947815850309712
0.014177100085434519,0.023331755117599266,0.857613027096,1.3776974212979187
0.04070974575383795,0.018605006732001966,2.36495709419,1.1091664868136548
0.0726450498200142,0.026186544284415872,4.17923116684,1.5398806263647873
0.038396896452984,0.0465771837532071,2.23356199265,2.698291657502064
0.013186551178366616,0.038889059429427913,0.801339030266,2.2615222251823144
0.01381926398980107,0.019677895370710095,0.83728402853,1.170118279726456
0.01466186546954015,0.015462300500070927,0.885152995586,0.9306264477793325
0.014994230724239697,0.015616377214745056,0.904034972191,0.9393796880194475
0.022015848170503283,0.015663459438516103,1.30293953419,0.9420544725680308
0.011805319628841451,0.017400616419121252,0.722869992256,1.0407439625288584
0.013179034882926316,0.015614546267720991,0.800912022591,0.9392756702306307
0.017262884543720384,0.015368825419002176,1.03291928768,0.9253160422272053
0.02234481094804286,0.01623443244149826,1.32162821293,0.9744919753814391
0.0155705461396346,0.01728897609576731,0.93677598238,1.03440157281171
0.011416310421798151,0.015951293768855873,0.700770020485,0.9584066062966434
0.012501699575451549,0.015085156453966506,0.762431979179,0.9092005467425462
0.019234682463572697,0.01524057277640567,1.14493894577,0.9180298913350917
0.012672952344856355,0.01681904182232692,0.772161006927,1.0077041733948837
0.014522139383802875,0.01542658007234185,0.877215027809,0.9285971373409994
0.020969666716536932,0.015623661067444991,1.24350500107,0.9397934904080238
0.010314655895690318,0.01713055986931873,0.638184010983,1.0254018009060744
0.012226893154425739,0.015405330302555524,0.746819972992,0.9273899183242892
0.011120996810548624,0.015219019776159103,0.683992981911,0.9168054455163158
0.02406766463026285,0.01497087700653367,1.41950511932,0.9027082259528483
0.009891550573424508,0.018588516394000776,0.614147007465,1.108229655505495
0.01201474561062362,0.015824350630977743,0.7347676754,0.9511948495751205
0.010998890583218639,0.015189973214591167,0.677056014538,0.9151552835688005
0.01798647171719676,0.014949361037029249,1.07402694225,0.9014858838846811
0.009917812492927659,0.016609928932949033,0.615638971329,0.9958242773190842
0.0161419503631052,0.015077639043595506,0.969237983227,0.9087734757273052
0.016535783680490353,0.01620135162236009,0.9916120171549999,0.9726126235412299
0.01332062745241382,0.01593721333574577,0.808956027031,0.9576066839076032
0.04194519222738125,0.015381185410239064,2.4351439476,0.9260182247269492
0.013556356271535229,0.02697459132708141,0.822347998619,1.5846503055441026
0.009533784772583856,0.02098991002622813,0.593822002411,1.2446550421606144
0.009224037649815955,0.014760981055358093,0.576224982738,0.8907838434142337
0.006516794246998762,0.014639673908336738,0.422423988581,0.8838922725304267
0.010990652454819831,0.014203881989668092,0.676587998867,0.8591345317720313
0.008798239093287245,0.015156074452807963,0.552034974098,0.9132294636526738
0.014950014259242944,0.014579878074082335,0.901522994041,0.8804952160466232
0.012265196464585753,0.015983992678909008,0.748996019363,0.96026426152956
0.014267670186511287,0.015187366200471515,0.862758398056,0.915007176692645
0.01576943419964917,0.0155843564693295,0.9480749964709999,0.9375605599449508
0.01766236032860924,0.015833182492942882,1.05561387539,0.951696595797526
0.0337579656457115,0.01618769877046508,1.97002005577,0.9718369924353066
0.01561180602720418,0.02206306051158019,0.93911999464,1.305621710822715
0.016842607799516008,0.018279119491339493,1.00904297829,1.090652532159702
0.012853234321229217,0.016015414222895152,0.782402992249,0.9620493484183075
0.016969732234723773,0.015324425852913798,1.01626503468,0.9227936619353461
0.014540796877083617,0.016183094000927593,0.878274977207,0.9715753912316644
0.012025206942541299,0.015576141963968997,0.735361993313,0.9370938863205406
0.018619519215787937,0.015142704407834537,1.1099909544,0.9124698990687516
0.012682791515529824,0.0166894061142039,0.772719979286,1.000339449274836
0.019587484613703163,0.015388066593197768,1.16498196125,0.9264091510762104
0.011679481483193059,0.016903317580680283,0.715721011162,1.0124919569405353
0.025052930937282676,0.015359909648822404,1.47547900677,0.9248095291017518
0.013787016522357086,0.018878869789146685,0.835452020168,1.1247248996286614
0.01200943573189493,0.016133679728468964,0.734466016293,0.9687681208466766
0.012919943017050375,0.015129667621897436,0.786192774773,0.9117292672379929
0.019208738444278194,0.015309941437161294,1.14346504211,0.9219707889198646
0.015357964237049472,0.016772266938094638,0.924699008465,1.005046849088906
0.05116209253096933,0.01575057127771818,2.95876455307,0.9470033764819463
0.036720493979982984,0.032211083394219145,2.13832402229,1.8821402486289915
0.03496709879016543,0.030360066369953073,2.03871202469,1.776982264593495
0.02513620611892445,0.02482017612878104,1.48020994663,1.4622559914677478
0.015570354140462784,0.020237063311704412,0.93676507473,1.201885126082478
0.029285581005346378,0.01625542662616475,1.71593976021,0.9756846743718074
0.016708109756659227,0.020098642766069263,1.00140202045,1.1940213272425635
0.014740547359624686,0.017094925977083633,0.889622986317,1.0233774066289516
0.012270441294431918,0.015605498344439472,0.749293982983,0.938761649365604
0.018710927608309565,0.015184235364076357,1.11518394947,0.9148293109899833
0.01572907240656711,0.01669207893995383,0.945782005787,1.0004912949703948
0.010438470181213232,0.015791263208564263,0.645218014717,0.9493151225967519
0.019585021148849198,0.014972072298782849,1.16484200954,0.9027761316077446
0.020984558717902353,0.01714995881447616,1.2443510294,1.0265038728689075
0.015002609442188891,0.01677246168845893,0.904510974884,1.0050579130366875
0.008894893364837096,0.015792588115381014,0.557525992393,0.9493903917747539
0.009252366445644783,0.01476410298976169,0.577834367752,0.890961203386546
0.011754512241466914,0.014651700111656993,0.719983577728,0.8845754922308292
0.01247260383211751,0.015160934775512426,0.76077902317,0.9135055830673863
0.008594141875405133,0.015226358994979428,0.540440022945,0.9172223933052466
0.013180007468882043,0.014596991219321079,0.800967276096,0.8814674296082604
0.012652779841718953,0.015540381263958916,0.771014988422,0.9350622879767873
0.010891798061615492,0.015240147258127015,0.670971989632,0.9180057172492962
0.047821290156381015,0.014935416382311849,2.7689704895,0.9006936751913363
0.05340406371140735,0.03063383490130328,3.08613300323,1.7925353073109498
0.01873159427320223,0.03708154032541832,1.11635804176,2.158835398107528
0.017004864935532066,0.02617068714908837,1.01826095581,1.538979767884418
0.012181849938898717,0.015997311074009084,0.744261026382,0.961020891836549
0.018696895931124138,0.015243686944555794,1.11438679695,0.9182068100993827
0.023381375656505495,0.016696437773299176,1.38051640987,1.0007389243121751
0.020716078826943207,0.017476251605947846,1.22909843922,1.045040867238304
0.026773726136633424,0.0166492491144402,1.57323896885,0.9980580930880992
0.021006507475520554,0.018474468483363836,1.24559795856,1.10175048853468
0.013688619569800135,0.016924744588181426,0.829861998558,1.0137092449952614
0.008545876641010575,0.01565949072165341,0.537698030472,0.9418290061033698
0.014208202902069178,0.014649415906140245,0.85938000679,0.8844457244090776
0.01307435021977468,0.01580929117859621,0.794964790344,0.9503393081984827
0.013379295264883052,0.015311971581131845,0.812288999557,0.9220861232708978
0.020370415268913724,0.015378074785327198,1.20946097374,0.925841507257291
0.017451083600666835,0.01706418575215493,1.04361104965,1.0216310261041255
0.016532861725877358,0.016087850376204527,0.991446018219,0.9661645130837001
0.023330849448302143,0.01591684028586321,1.37764596939,0.9564492721570796
0.01227470094817291,0.017661676662449853,0.74953597784,1.055575035685053
0.012370298699695538,0.01580687455010138,0.754966974258,0.9502020173052345
0.01408218849487417,0.01519698429704748,0.852221012115,0.9155535896283057
0.02218638750037081,0.015540365171787009,1.31262803078,0.935061373765662
0.01580331838134644,0.01755040675898533,0.949999988079,1.0492536898633997
0.013926883197662346,0.015962723689892863,0.843397974968,0.959055950650681
0.010223299961919365,0.015463515186713364,0.632993996143,0.930695455247594
0.011136065073407852,0.014865696925677296,0.684849023819,0.8967328485692004
0.013684077687758712,0.01499494779784652,0.829603970051,0.9040757098038421
0.018756554165538408,0.01550422092814463,1.11777603626,0.9330079859544789
0.01774863195642023,0.01658294695554692,1.06051504612,0.9942914063018538
0.016624833525835395,0.016128656448063966,0.9966710209849999,0.9684827436547278
0.01092054233105596,0.015931706749335,0.672604978085,0.9572938496557932
0.014042759419076197,0.015075818101064425,0.84998100996,0.9086700263029603
0.013039237453231796,0.015597002301188066,0.792970001698,0.9382789813139958
0.0122996786764984,0.015305907032246366,0.750954985619,0.9217415906563831
0.015902350085261845,0.015177187856473498,0.9556260704990001,0.9144289355843139
0.00979362889750426,0.015957083170705377,0.608583986759,0.9587355075543218
0.012780131948059555,0.014912098516029558,0.778249979019,0.8993689657056267
0.008055055414171316,0.01536611194192014,0.509814023972,0.9251618870919837
0.01028381642216712,0.014546364775403386,0.636431992054,0.878591294644898
0.009669990873510356,0.014890009152827129,0.601559996605,0.8981140486127295
0.01062180420998174,0.014716806449826515,0.65563338995,0.8882742433390503
0.010321185965878594,0.014905170257697518,0.638554990292,0.8989753649609965
0.014505839388551873,0.014832470754114119,0.876289010048,0.8948452391236921
0.013105738412238329,0.015744554890764748,0.796747982502,0.946661579991203
0.011094418039966074,0.01531793753958021,0.682483017445,0.9224250548717664
0.01320786728313129,0.014973656149096896,0.802550017834,0.9028661116046088
0.01307551900163044,0.015400646563950696,0.795031189919,0.9271238308151112
0.026978934431657546,0.01531806565064213,1.58489704132,0.9224323329793297
0.0169912235517826,0.019441756406287813,1.01748597622,1.156703007405704
0.015236139188837865,0.016637115091315997,0.917778015137,0.9973687480452101
0.02073583900399753,0.015690111129977237,1.2302210331,0.9435685797363861
0.01717451666266221,0.01699863144387037,1.02789902687,1.0179068254005803
0.015144219847665707,0.016055919004947954,0.912555992603,0.9643504624375903
0.013050291569472183,0.015676068374702784,0.793597996235,0.9427707978599331
0.01721920735513121,0.015313639891318363,1.03043794632,0.9221809015110005
0.00845504844267981,0.01623215586506123,0.532537996769,0.9743626409747412
0.009867453103614825,0.014902052111161954,0.612778007984,0.8987982201809601
0.014467818306674688,0.014785266068550247,0.874128997326,0.8921634974077323
0.00553633159149076,0.01576748722510448,0.366723001003,0.9479643870517434
0.012092324816916975,0.01447461238891301,0.739175021648,0.8745149754030178
0.00894588750550838,0.015546935657917225,0.560423016548,0.9354346491415926
0.012737320329472635,0.01462997005804452,0.775817811489,0.8833409878470692
0.013344125842843672,0.015406464402373109,0.81029099226,0.9274543475807189
0.01041264786638576,0.015377808995393136,0.6437510252,0.9258264074860428
0.011818974651904821,0.01487438930417237,0.723645746708,0.897226670607049
0.015123643411848853,0.015129276903999206,0.91138702631,0.9117070701938998
0.010747653896562325,0.015799869565044644,0.662783026695,0.9498040576446218
0.016719268790629793,0.014980620860302732,1.00203597546,0.9032617832706139
0.013558010821777823,0.016282082922817055,0.822441995144,0.9771990431653198
0.0172216540330723,0.015420713228523938,1.03057694435,0.9282638365336838
0.011017513453702811,0.016199911768710412,0.678113996983,0.9725308241276528
0.008469271069854999,0.015122246982456733,0.5333459973339999,0.9113076938685377
0.004731433293367414,0.014531538012068274,0.320995986462,0.877748972547558
0.012474082120831096,0.013955113327181419,0.760863006115,0.8450017546579591
0.012177009041749606,0.01575847315905811,0.743986010551,0.9474522896474663
0.008706796077951447,0.015158453308107118,0.546840012074,0.9133646086158437
0.011410976412023028,0.014600326530577717,0.700466990471,0.8816569117163562
0.013790546998935595,0.015110506011360485,0.835652589798,0.9106406784738036
0.021511005758123113,0.01551543397013358,1.27425897121,0.9336450092098058
0.014807823659557665,0.01736833108770479,0.893445014954,1.0389098030796662
0.010015100466653907,0.015809012386410234,0.621165990829,0.9503234697573135
0.012987240300483623,0.014875912292107052,0.790015995502,0.8973131929560182
0.01787149463947009,0.01540191567196015,1.06749498844,0.9271959300114166
0.010871185953802412,0.016403465157385597,0.66980099678,0.9840948798419233
0.021360260178959624,0.015151842073307067,1.26569497585,0.912989018270404
0.010312508232821708,0.017668021314584316,0.638062000275,1.0559354812234354
0.015535817371417748,0.015452197602301584,0.934803009033,0.930052492840824
0.013174264280552399,0.016005647190376435,0.800641000271,0.9614944742943999
0.018192101780942452,0.015338714798765848,1.08570897579,0.9236054301255332
0.005289565442936223,0.01647318129746103,0.352703988552,0.9880555180472774
0.0094378344979856,0.014895703871021605,0.588370978832,0.8984375708046547
0.00766301776116137,0.014869422521222309,0.487542003393,0.8969445030876133
0.007243133933216077,0.014376029239021718,0.463688015938,0.8689143757507547
0.005483190312550693,0.014291314955266081,0.363703995943,0.8641016791726204
0.014483577976388865,0.014000354555988082,0.875024318695,0.8475719505849705
0.010408721850531424,0.016245406020988805,0.643527984619,0.9751153945514147
0.007590338205860129,0.014910978787436455,0.483413010836,0.8993053528917121
0.0028144254322404715,0.014389296724988732,0.212089002132,0.8696681138629494
0.007108634841318055,0.013736739843248587,0.456046998501,0.8325957556659782
0.0067696860084622956,0.014518925886566614,0.43679100275,0.8770324660677308
0.011823105257027613,0.01420829605726373,0.723880410194,0.8593852990225042
0.008869247311556236,0.01534668267722606,0.556069016457,0.9240580926483147
0.007439486659907619,0.014611046423953028,0.474842995405,0.8822659187441927
0.0037891501452938983,0.014331898692633016,0.267464011908,0.8664072787161066
0.01595898774256608,0.013802221011327762,0.958843708038,0.8363158012070103
0.012932356865136285,0.01699237613795395,0.78689801693,1.0175514557032341
0.030665971115792508,0.015309750941515217,1.79436099529,0.9219599666865483
0.02262732251618743,0.021087826375793234,1.33767795563,1.2502177602714668
0.02038789453773542,0.01805368775876423,1.21045398712,1.077845547553689
0.009034901678874798,0.016586659363383577,0.56547999382,0.9945023116143942
0.006136920213659735,0.015273259741681255,0.400842994452,0.9198868679741812
0.003882468037783559,0.014146764351428039,0.272765487432,0.8558896260734603
0.009354646397855867,0.013746462928565413,0.583644986153,0.833148133108821
0.014102593915054683,0.014993467521034198,0.853380262852,0.9039916139131196
0.014325803968500818,0.015714244736864266,0.866061031818,0.9449396321980734
0.019470747018874458,0.015543480382089442,1.15834999084,0.9352383517355867
0.012749081590210778,0.016723872261333962,0.776485979557,1.0022975028757235
0.017894589097202887,0.015450793028901587,1.06880700588,0.9299726977307643
0.009446231051924108,0.016427995497689238,0.588847994804,0.98548847109485
0.027048841015299804,0.015033316237638976,1.5888684988,0.9062554562493195
0.006699188738826233,0.020043984144065073,0.432785987854,1.190916120523896
0.006115093684861962,0.0163971683615032,0.399603009224,0.9837371530613507
0.008842244673940814,0.014093484442018911,0.554534971714,0.852862745288677
0.010033265896490689,0.014665252197752457,0.622197985649,0.8853453987387607
0.01931588237560838,0.014807757382250618,1.14955198765,0.89344124967907
0.018817880589561985,0.017115942387465423,1.12126004696,1.0245713682827013
0.016289950249219906,0.016322270762205875,0.977645993233,0.9794821513795979
0.029581337368712133,0.015880259140936555,1.73274195194,0.954371063581055
0.039614020120262466,0.020145828797092195,2.30270791054,1.1967020091768508
0.017624747376034113,0.02572390377610561,1.05347704887,1.5135975924708367
0.013097501333021577,0.020533287528767458,0.796280026436,1.2187138970124454
0.008240212910472255,0.015387024452829842,0.520332992077,0.9263499461209148
0.009827003179750656,0.014583754681720386,0.610480010509,0.8807154497012951
0.006919565493023703,0.014784013658371453,0.445305794477,0.8920923468305841
0.010561612994234616,0.014278689818770202,0.652213871479,0.8633844335262136
0.019773350303666313,0.015019268618180495,1.17554116249,0.9054573980340864
0.01725026086057896,0.017193832905684915,1.0322021246,1.0289964004482968
0.011744117007631416,0.01604641963187517,0.719393014908,0.9638107942936243
0.01351527264549466,0.015203714079991701,0.820013999939,0.915935914803133
0.01579861912292977,0.015441889249124638,0.949733018875,0.929466865791152
0.017371942171676414,0.015869412850834118,1.03911495209,0.9537548758385955
0.009438046431493237,0.016122488955285036,0.58838301897,0.968132362702698
0.015818385595041215,0.014987496709539985,0.950855970383,0.9036524066062411
0.008370945461237695,0.016158628860765543,0.527760028839,0.9701855040589048
0.012698392759704302,0.014775484065171332,0.773606300354,0.8916077727754518
0.01616162975361659,0.015437118530569269,0.970355987549,0.9291958368707766
0.02344075690861762,0.015995531041183828,1.38388991356,0.9609197665303163
0.012802540244830072,0.017735437571795867,0.779523015022,1.0597654609624907
0.009765747050572685,0.01585115393197973,0.606999993324,0.952717569821296
0.007284833425443734,0.01476650067403322,0.466057002544,0.8910974180409994
0.015724584032493626,0.014327285617060738,0.945527017117,0.8661452056389686
0.01006274983487898,0.01637162717258027,0.623872995377,0.9822861345662236
0.005986966762194745,0.014929820980440642,0.392324000597,0.900375795251319
0.008157869396844502,0.014174782924715877,0.515654981136,0.8574813870588398
0.016119077281448117,0.014516822629126652,0.967938542366,0.87691297807308
0.022959793737570386,0.016380598221261713,1.3565659523,0.9827957881143313
0.015051156904883881,0.01758407627333313,0.907269001007,1.0511664860213241
0.013449475683439717,0.015958300063185472,0.816276013851,0.9588046403382547
0.04273241820839944,0.01537867453043417,2.47986698151,0.9258755793298639
0.01902593844614781,0.02740951710121703,1.13308000565,1.6093588398328749
0.01748581131966643,0.02194103786458952,1.04558396339,1.298689491725864
0.013997979546695842,0.016080678380760896,0.847437024117,0.965757065409002
0.02612744223610148,0.01550507250023618,1.5365229845,0.9330563645502641
0.014939030437777752,0.018970714058872615,0.900898993015,1.1299426572845752
0.007551401718088339,0.016367306256781372,0.481200993061,0.9820406593552221
0.014170780899571822,0.014640778234449765,0.85725402832,0.8839550103152451
0.014249884558325127,0.015896687322902725,0.861747980118,0.955304363747549
0.016836465924381983,0.015527662213539864,1.0086940527,0.9343397069938038
0.018931714065714193,0.01607025077659805,1.12772703171,0.9651646636008555
0.012803138275045449,0.01642731832396268,0.77955698967,0.9854500002309989
0.016499492689506026,0.015420457799442164,0.989550292492,0.9282493253720082
0.013802523340709937,0.016070654213896342,0.836332976818,0.965187583245795
0.015098453750033328,0.015452915217637156,0.909955978394,0.9300932612297758
0.00878188663925036,0.015706873345094616,0.551105976105,0.9445208566342238
0.02090382254151837,0.014759335201948151,1.23976433277,0.8906903409643164
0.020412273186733887,0.017810468797319533,1.21183896065,1.064028054073383
0.02337196874635654,0.016603417085536143,1.37998199463,0.9954543332627578
0.019296678261698487,0.017336487352147517,1.14846098423,1.0371007310984457
0.012571370094574945,0.016446521541992852,0.766390025616,0.9865409527552458
0.016086433225546256,0.015420531226052955,0.966084003448,0.9282534968054765
0.01343889684383603,0.01598502288815215,0.815675020218,0.9603227886666547
0.019187754928341332,0.015389209430158243,1.14227294922,0.9264740766977846
0.021954951908657712,0.016720219815970376,1.2994799614,1.0020900040865717
0.014189738457142307,0.017034727786591007,0.858331024647,1.019957491916228
0.011665856886233244,0.015787318182615855,0.714946985245,0.9490910020347777
0.014508498000035806,0.015080841342400182,0.876440048218,0.9089554012753496
0.013700659911292547,0.015665235882577698,0.830546021461,0.9421553939932906
0.014105124527084872,0.015422133928098568,0.853524029255,0.9283445477865948
0.015085868886275874,0.015507969842755612,0.909241020679,0.9332209652505329
0.008239139603620176,0.015695228224867283,0.5202720165249999,0.9438592866157401
0.012126279293389438,0.014708632798834692,0.741104006767,0.887809890688998
0.009384341220569739,0.015306275258584509,0.585331976414,0.9217625099342072
0.007966392714698468,0.01469325079153852,0.504777014256,0.8869360246702205
0.008796731427669761,0.014423279032540592,0.551949322224,0.871598680091234
0.01615099845520942,0.014580539484211383,0.9697520136829999,0.8805327913659635
0.018734374589100388,0.016317340814504734,1.11651599407,0.9792020765046205
0.017560814799453303,0.016415556784999515,1.04984498024,0.9847818163567789
0.010245636914750236,0.016094776938255353,0.634262979031,0.9665580174610304
0.009016471856744496,0.015070995196684825,0.56443297863,0.9083960326577879
0.015248336906705523,0.014604242691697814,0.918470978737,0.8818793924408167
0.01596796973660572,0.016043874761172687,0.959353983402,0.9636662178423028
0.00961464894831597,0.015844620192598434,0.598415970802,0.9523463820620571
0.01559816464343711,0.014898296520424181,0.938345015049,0.8985848616079869
0.007076563635403081,0.01608234096523324,0.454225003719,0.9658515183660026
0.011542641680072557,0.014664339311352331,0.707947015762,0.8852935368205653
0.005904694067942013,0.015248954661791284,0.38765001297,0.9185060739730754
0.006974628862046047,0.014255405166241582,0.448433995247,0.8620616109444778
0.013877121838564892,0.014266337133182518,0.840570986271,0.8626826660671378
0.00847569622245391,0.015878044884671892,0.533711016178,0.954245269640817
0.011774780219607997,0.014652414116309402,0.721135020256,0.8846160554935409
0.008261434589415301,0.015207218537354204,0.521538615227,0.9161350062574783
0.01149210498006626,0.014526729576807243,0.705075979233,0.8774758009063541
0.010356566272261156,0.01515378846605555,0.640564978123,0.9130995946372815
0.0081790627480481,0.014837506542696596,0.516858994961,0.8951313269167378
0.028308122664705778,0.014472961511315233,1.66040945053,0.8744211875243566
0.04247614652695248,0.020812996842717653,2.46530795097,1.234604441067607
0.02763477632367417,0.027216085989092795,1.62215602398,1.5983698399835657
0.03193173247501779,0.023887052637943648,1.86627006531,1.4092443854877692
0.0628635670339595,0.021100536051547478,3.6235361099199994,1.2509398086710979
0.013072698817060644,0.039703926322046675,0.794870972633,2.307815564768985
0.015039363119695675,0.02923651196885243,0.906598985195,1.7131521029985197
0.014169618412790786,0.015720367466107138,0.857187986374,0.9452874700923417
0.012734154966083992,0.015503896139027494,0.775637984276,0.9329895343852351
0.011414549904801737,0.01525334645560674,0.700670003891,0.9187555758295568
0.010423032608471121,0.015022877729704141,0.644340991974,0.9056624349878316
0.01242289493182354,0.01484867579204311,0.757955014706,0.8957658622716651
0.008761715185277411,0.0152570917358026,0.549960017204,0.9189683486511362
0.007820117673601553,0.014616645712986792,0.496466994286,0.8825840195174993
0.023155383188902708,0.014393529699209387,1.36767756939,0.869908593031797
0.023687260763225144,0.018779854357156324,1.39789402485,1.1190997416317279
0.013423723663387439,0.017243016622677937,0.814813017845,1.0317905727646801
0.021592679897631046,0.01592081946813867,1.27889895439,0.9566753331714903
0.014261326869619761,0.01743374431982106,0.862398028374,1.0426259891159997
0.01833568358781167,0.015762102828062355,1.09386599064,0.9476584944906411
0.013400101470214457,0.016431317581823195,0.813471019268,0.9856772017579091
0.024898173309706034,0.015457079626733768,1.46668708324,0.9303298451507003
0.015029365523482507,0.01857813396803773,0.906031012535,1.1076398203125397
0.012550669855997358,0.016185942752043506,0.765214025974,0.9717372314094914
0.022158328342728167,0.015232794265664935,1.31103396416,0.9175879869670763
0.012973757342256252,0.0177194298933237,0.789250016212,1.058856049987252
0.02504277491554741,0.01570920140639088,1.47490203381,0.9446531159432504
0.015218659919980965,0.018690362573344832,0.916785001755,1.114015630869922
0.01995991474465318,0.016218621464330188,1.18614006042,0.9735937391886709
0.02392485501698514,0.016785791783324545,1.4113919735,1.0058152080181455
0.03591339660949282,0.017536248719181927,2.09247207642,1.0484493585665493
0.011735826420446724,0.02306450687318104,0.718922019005,1.3625148020936522
0.02199686438341664,0.018773761238570996,1.30186104774,1.1187535859462197
0.021417992126739425,0.017768132375829616,1.26897478104,1.0616228829286596
0.020591077923540018,0.01677950710467837,1.22199702263,1.0054581696289362
0.015030773517403295,0.01662854331318936,0.906111001968,0.9968817774255021
0.018071790693511062,0.015771572766284124,1.07887399197,0.948196490413578
0.017176734620323618,0.016318770130506123,1.02802503109,0.9792832772646812
0.012923045429885396,0.016029600604374084,0.786369025707,0.9628552898318795
0.021556665889001674,0.015346144960254507,1.27685296535,0.9240275444513133
0.01156719659054723,0.017478633735527743,0.709342002869,1.045176198216382
0.008237748396506645,0.015546627230393656,0.520192980766,0.9354171270895669
0.009018725486366924,0.014516019082511496,0.564561009407,0.8768673278488948
0.016428550569319217,0.01461852984125625,0.9855200052259999,0.8826910585819072
0.01831765874749007,0.016372305954719404,1.09284198284,0.9823246968054764
0.0075072025644986745,0.016306088166090568,0.478689998388,0.9785628031717547
0.006042977012362099,0.01496490836727176,0.395505994558,0.9023691420524902
0.03165771713245562,0.01409041437348968,1.8507030010199998,0.8526883318645148
0.020129881224639434,0.022760894823934216,1.19579601288,1.3452663216047487
0.0290492016971885,0.01803051257233637,1.70251083374,1.0765289438420798
0.051858904738068735,0.019513147867240857,2.99835109711,1.1607588221349865
0.04145121927648485,0.03282950129391267,2.40708088875,1.917273139775156
0.04459961120235538,0.03253683329936708,2.5859439373,1.9006464011257214
0.03840177302195331,0.030920133676188385,2.23383903503,1.8088002047181941
0.028226511475769066,0.028835729263828574,1.65577304363,1.6903832679504942
0.024263153360822035,0.022539986757240955,1.43061101437,1.3327163306289211
0.01478545103474817,0.017539944299471553,0.892174005508,1.0486593078906257
0.020761818695129837,0.016084996344792962,1.23169696331,0.9660023729274079
0.014844136683224318,0.01704562692296837,0.895507991314,1.0205766819042974
0.027280566179675725,0.01576067413200436,1.60203301907,0.9475773289501364
0.026987770590289333,0.01932474719894755,1.58539903164,1.1500556064384588
0.020768208175820535,0.01832498951721232,1.2320599556,1.093258450627878
0.02038643408511676,0.016934241943901272,1.21037101746,1.0142487985315465
0.020945657377509357,0.016601254603505762,1.24214100838,0.9953314806645122
0.016431789375029215,0.016729781873412092,0.9857040047649999,1.0026332333873402
0.011912675493573662,0.01596225852966618,0.728968977928,0.9590295244692628
0.010982977733839829,0.015184420926200162,0.676151990891,0.91483985294535
0.017943277149536273,0.014946489359805054,1.07157301903,0.9013227412535015
0.015728403032412085,0.016599227710520026,0.945743978024,0.9952163310049242
0.006784577485210285,0.015779125957521824,0.437637001276,0.9486255941728511
0.008131942164445268,0.014659521314755314,0.514182031155,0.8850198219910472
0.005043398373761515,0.014478108931901087,0.338719010353,0.8747136172344538
0.01165672171252897,0.01397323906635449,0.714428007603,0.8460314946147535
0.00787561749973581,0.015485128588926193,0.4996199905870001,0.9319233325577719
0.013017550989402184,0.014472564977448282,0.79173797369,0.8743986600697176
0.014300514634988597,0.015557647187020004,0.864624321461,0.9360431809873936
0.00968646713029037,0.01556478685393698,0.602496027946,0.9364487920486814
0.0212612473603212,0.014812334397207319,1.26006996632,0.8937012741193843
0.016900641909791243,0.017798819433581352,1.01233994961,1.0633662429771351
0.01676315161766948,0.016037380418879824,1.0045289993299997,0.9632972682679871
0.010188615259102368,0.015966684882846215,0.631023526192,0.9592809896751142
0.01916923907381064,0.015008072947619605,1.14122104645,0.9048213616656066
0.008632338169646876,0.017051247459979393,0.5426099896429999,1.0208959897947856
0.014126633680185813,0.015111868758987207,0.854745984077,0.9107180974231145
0.012712750730554815,0.01578010159877928,0.774421989918,0.9486810212523599
0.004510314247275789,0.015249526320684187,0.308434009552,0.9185385504419278
0.013825194980609518,0.014260718635227973,0.837620973587,0.8623634740173285
0.011919329366505069,0.016192730715275383,0.729346990585,0.9721228618601105
0.012289744030821248,0.0151153560671893,0.750390589237,0.910916214617843
0.019056601657983573,0.015187160937697446,1.13482201099,0.9149955155251702
0.0274954373838619,0.01678845830697226,1.61424005032,1.005966695685466
0.020992339405548156,0.01892860041889457,1.24479305744,1.1275501425629757
0.01165205707690887,0.017037702884351774,0.714163005352,1.020126509963458
0.011918572910749993,0.015490777668066037,0.729304015636,0.9322442619529181
0.010499743097216064,0.015120005322139585,0.648698985577,0.9111803430788079
0.005115215506571464,0.014864092680676337,0.342799007893,0.8966417099313659
0.005878924211900422,0.014116564188093192,0.386186003685,0.8541739269457905
0.010287301784181324,0.014065597601340123,0.636629998684,0.8512784681542929
0.00610532428438146,0.01503269184046021,0.399048000574,0.9062199836698155
0.006436915247336618,0.014199490083773934,0.417885988951,0.8588850235482556
0.018510377653795616,0.01415529057864473,1.10379052162,0.8563740089039702
0.011325640649007082,0.01737182888008689,0.695618987083,1.039108515890329
0.013286443206444409,0.015241936485073111,0.807013988495,0.9181073648820121
0.009550454077717744,0.0154084693456073,0.594769001007,0.9275682502546809
0.01857757316720327,0.014752737543862887,1.1076079607,0.8903155219245634
0.01617926744801319,0.016947141560628695,0.971358001232,1.014981637653015
0.011702610563740027,0.01585934815493341,0.717034995556,0.9531830911834714
0.01098876918426234,0.015146886277169182,0.67648100853,0.9127074749218994
0.02878978248841262,0.014947691489160808,1.68777298927,0.9013910353307271
0.01652073325360284,0.020534449371186717,0.9907569885250002,1.2187799023516586
0.0133073900013262,0.01696987751872093,0.808203995228,1.0162732883978496
0.01822748208730741,0.015378861152562588,1.08771896362,0.92588618150507
0.026625498579438692,0.016472214779056797,1.56481802464,0.9880006092454727
0.010828588367087234,0.01866067494681519,0.667380988598,1.112329049430784
0.021198231763223253,0.0163030163095867,1.25648999214,0.9783882881711047
0.018300832066033744,0.01761972966621573,1.09188604355,1.0531919881482137
0.012063737923851754,0.01623459949956197,0.737550973892,0.9745014661040884
0.010037490927452713,0.015301129955845413,0.622438013554,0.9214702005409372
0.013804987854675545,0.014790882842521932,0.836472988129,0.8924825915164856
0.009245178542233671,0.015592841111359557,0.577426016331,0.9380425802826609
0.016960860404078158,0.014735905829925136,1.0157610178,0.8893592967346532
0.01855206770354321,0.01650052790468111,1.10615897179,0.9896091040207042
0.011306895024961836,0.016335902639822104,0.694554030895,0.9802565909174027
0.018987635135829375,0.015243341597228663,1.13090395927,0.9181871905992716
0.015835389587261415,0.016868562081615385,0.951821982861,1.0105174649894084
0.012326117906695013,0.0158133886984625,0.752457022667,0.9505720920805517
0.00891244292848679,0.015218456393322102,0.558522999287,0.916773439217831
0.024003085761409002,0.014633141768938263,1.41583633423,0.8835211756676872
0.03173860019344711,0.018913519142372062,1.8552980423,1.1266933613367642
0.012890991010795282,0.02072307575825759,0.7845479846,1.2294959413400828
0.01353357866488183,0.017551535076320852,0.821053981781,1.0493177906116913
0.009353661221768296,0.01541205100989436,0.583589017391,0.9277717279056055
0.01379616953205067,0.014737145151402065,0.835972011089,0.8894297037305787
0.03753616521535155,0.015637416991750447,2.18466305733,0.9405749771526313
0.011060357596739795,0.02446984820965674,0.680548012257,1.442353539332782
0.020888695524780936,0.019286989113842183,1.238904953,1.1479105348055842
0.01721727267486428,0.01748794913142513,1.03032803535,1.045705414447362
0.013011795210958297,0.01606674100791486,0.791410982609,0.9649652704054841
0.01390882373457938,0.01535949667297986,0.842372000217,0.9247860675633175
0.00694007583077598,0.015484481725368503,0.446471005678,0.9318865836425643
0.008919673848098098,0.01451241193621805,0.558933794498,0.8766624025416896
0.011577599168621906,0.014640349405515778,0.709932982922,0.8839306481480672
0.011991270302058148,0.015137416651244615,0.733434021473,0.9121694967408546
0.012869727364816489,0.015135312742515658,0.783339977264,0.9120499717458753
0.01391426266194387,0.015300269537607769,0.842680990696,0.9214213193874352
0.01843944917299312,0.015489370187576589,1.09976100922,0.932164301688426
0.01440625581814985,0.016482208087232247,0.870631575584,0.9885683382980959
0.00940043033147756,0.015592683095605235,0.586246013641,0.938033603261946
0.014683798489673966,0.01478373487713458,0.886399030685,0.8920765090114435
0.017024897898336343,0.015859531126465196,1.0193990469,0.9531934859649166
0.014031845892386197,0.016092550025817658,0.849361002445,0.9664315045119318
0.016871193643381577,0.015498476173019728,1.0106669664399999,0.9326816211183955
0.022518858721753764,0.01608930318675532,1.33151602745,0.9662470485907776
0.020468072552610867,0.017375376046521514,1.21500897408,1.0393100336864451
0.02804728497024137,0.016599277651014724,1.64559102058,0.99521916817048
0.0161708184352888,0.019032146530188532,0.9708780050280001,1.133432692629043
0.023922744075189198,0.01679054329694476,1.41127204895,1.0060851458884452
0.013081887498732854,0.01789544648734269,0.795392990112,1.0688557150044713
0.017498961689206803,0.015931772361357115,1.04633104801,0.9572975771352726
0.014710816864932192,0.016300560453649728,0.887933969498,0.9782487687306954
0.013777827840684875,0.01561150107875809,0.834930002689,0.9391026702375741
0.016414468531712016,0.0154351525965538,0.984719991684,0.9290841503465019
0.018274569097330936,0.01599657784680439,1.09039402008,0.9609792365229161
0.007709188316073029,0.016297010567862383,0.490164995193,0.9780470964456436
0.00989190204731808,0.014968662887771468,0.614166975021,0.902582439824252
0.010196544929807804,0.014819302552130854,0.631474018097,0.8940971414261675
0.013607332576217202,0.014817229988111372,0.825244009495,0.8939793971530375
0.01758908379227467,0.015536077059816078,1.05145096779,0.9348177621703768
0.017512760449384324,0.016287430778088724,1.0471149682999998,0.9775028597547459
0.005983780939870455,0.016099915820759453,0.392143011093,0.96684996211483
0.007345701884167285,0.01482094360037129,0.469514995813,0.8941903708899741
0.012671702776492866,0.014340851923075229,0.772090017796,0.8669159199936127
0.012318249088179089,0.015514863438761038,0.752009987831,0.9336125967964249
0.011186941706375526,0.015182762865448805,0.687739372253,0.9147456569851101
0.010906584096174288,0.01498245882128691,0.67181199789,0.9033661995289727
0.019956274104751055,0.014935452688470567,1.18593323231,0.9006957377776922
0.010649345074769882,0.01720920685690621,0.657198011875,1.0298698087940317
0.013538226513677068,0.015314873575790505,0.821318030357,0.9222509882634861
0.012803437290153138,0.015495090196626211,0.779573976994,0.9324892606771537
0.017213663510247765,0.015265410428922002,1.03012299538,0.9194409412782046
0.010015505448515413,0.016247788336903456,0.621188998222,0.9752507361153421
0.014326173278383699,0.015024007844041697,0.866082012653,0.9057266378254657
0.015995062603332156,0.015721452120186677,0.960893154144,0.9453490902907975
0.010981006332500232,0.015879493705244226,0.676039993763,0.954327578473539
0.012111035818165654,0.015049202537892416,0.740238010883,0.9071579716160253
0.009615617337578684,0.01517274793188815,0.598470985889,0.914176699374412
0.00990843076290158,0.014727030357097985,0.615105986595,0.8888550729389616
0.01555466161799524,0.014766296079372278,0.935873568058,0.8910857948296473
0.009322606667208902,0.016044547510424723,0.58182477951,0.9637044373476763
0.011678513093930346,0.014842274189172187,0.715665996075,0.8954021813094282
0.010574605987364538,0.01514077388531293,0.6529520154,0.9123602243040975
0.01615540394441107,0.014875459103337756,0.970002293587,0.8972874468841334
0.012871664143359517,0.016146320200071,0.783450007439,0.9694862376946052
0.01219156635601111,0.015305741159217116,0.744813024998,0.9217321672566341
0.013649120199226969,0.01515848540808866,0.827618002892,0.9133664322453955
0.01482357913256123,0.015454791859169738,0.894340097904,0.930199874965758
0.04317511583950617,0.015654303051936568,2.50501704216,0.941534289803026
0.027609358990602594,0.027533985738919693,1.62071204185,1.6164300179176072
0.02403388326784365,0.024148236855206333,1.41758596897,1.4240825017174799
0.017561291125289657,0.01735550966323328,1.04987204075,1.03818140613236
0.020670473253179434,0.016293799538701914,1.22650754452,0.9778646749180362
0.017443479174550042,0.01680783041431401,1.04317903519,1.0070672429672423
0.016145576314669792,0.016093396968920502,0.9694439768790001,0.9664796201306001
0.013501384705405779,0.0158475731116223,0.819225013256,0.9525141401147917
0.013391018755296065,0.015399940766175797,0.812955021858,0.9270837337926786
0.010895952797784719,0.015373809767141061,0.671208024025,0.9255992076412155
0.008392595203906629,0.014947494079380216,0.528989970684,0.9013798202990532
0.005174957675057226,0.014517264670804268,0.346193015575,0.8769380908684073
0.007511761757947182,0.014000656927050437,0.478949010372,0.8475891285638497
0.019390850183381426,0.014414454535423185,1.15381097794,0.8710973522726194
0.016104792752901363,0.01749360322013129,0.967127025127,1.0460266284405901
0.012891624712989285,0.015863180593699483,0.784583985806,0.9534008155637967
0.007357512980762577,0.015307325824319616,0.470185995102,0.9218221935423817
0.008996146173942465,0.014478618122601851,0.563278257847,0.8747425448277066
0.0033343077796172036,0.014639952545698207,0.24162399768800003,0.8839081021758729
0.0038511448942376353,0.013877834168816584,0.270985990763,0.840611454409463
0.0025922674398198274,0.013703639927314229,0.199468001723,0.8307153189191678
0.0014172996562167505,0.013494346266067839,0.132716998458,0.8188251530268228
0.007411657796361755,0.01329785020568218,0.473262012005,0.807662030640487
0.01067324844706124,0.014810768942872345,0.658555984497,0.8936123392150548
0.016017854898446305,0.015013374039541144,0.962188005447,0.9051225215859897
0.00807941622711006,0.016101856364973244,0.511197984219,0.9669602062210585
0.016383823155724744,0.014769255762810088,0.982978999615,0.891253937174976
0.015099404303306729,0.016467575451526717,0.910009980202,0.9877370447704042
0.017151229156663558,0.015665227202736866,1.02657604218,0.9421549008835289
0.013707577127353019,0.01610233336781939,0.830938994884,0.9669873051926089
0.01607073230967508,0.01545385315664917,0.965192019939,0.9301465464099543
0.016693005821926985,0.015921806164698446,1.0005439519899997,0.9567313883129184
0.03398969920336783,0.015970682605418576,1.98318505287,0.9595081039808886
0.02152149751617955,0.0222721922408542,1.27485501766,1.3175026772103862
0.021726932433295272,0.019033260601356898,1.28652596474,1.1334959840394416
0.023411801754781157,0.01685880642418714,1.38224494457,1.00996323709488
0.02965495173973198,0.017256715058986002,1.73692405224,1.032568793563144
0.021218967673779465,0.019616578745377117,1.25766801834,1.1666348256991044
0.012341624725047864,0.0175552920941386,0.753337979317,1.049531230258394
0.018178019743370456,0.015564307460672971,1.08490896225,0.9364215572752879
0.01778346669146131,0.016537892970533652,1.06249403954,0.9917318478674092
0.012789162204192064,0.016142024029018584,0.778762996197,0.9692421682554693
0.013614426053806685,0.01535530051522041,0.825646996498,0.9245476799715807
0.016493027668217874,0.015430605506903207,0.9891830086709998,0.9288258259904227
0.024042790770503093,0.016022989528851353,1.41809201241,0.9624797085351313
0.019353304378105736,0.01790178995472394,1.15167796612,1.0692160932359314
0.021090401671054002,0.016490211172907318,1.25036406517,0.9890230009752192
0.01456063469315231,0.01680880194363655,0.879401981831,1.0071224364439366
0.01825747802358109,0.0157524099775189,1.08942306042,0.9471078347131542
0.03092475872066809,0.016392107288551075,1.80906295776,0.9834496288399498
0.014372942388110566,0.02057178985758458,0.868739008904,1.2209012498168776
0.014081342859190136,0.01738652637904521,0.852172970772,1.0399434943592243
0.022102071536115788,0.015492957169312198,1.3078379631,0.9323680814285061
0.021305358907640574,0.017523492361439463,1.262575984,1.0477246581201205
0.012461636797477176,0.01675483044993123,0.760155975819,1.0040562661175527
0.017913600162846918,0.015582113310746111,1.06988704205,0.9374331240373343
0.014183630155622797,0.016456260014666192,0.857984006405,0.9870942043680014
0.019311868229007143,0.015544247758182014,1.14932394028,0.9352819470790298
0.017865298207221277,0.01669228832892243,1.06714296341,1.0005031905507857
0.012107937602023645,0.01614681682701783,0.740061998367,0.9695144515294115
0.011050500590077013,0.01527953389982449,0.679988026619,0.920243308683917
0.011972930709038859,0.014958453461292175,0.732392132282,0.9020024328914974
0.013783900470225765,0.015142922092397343,0.835274994373,0.9124822659294991
0.00964399229713627,0.015491023941604697,0.600082993507,0.9322582529797467
0.016869380667528872,0.014784349835906999,1.01056396961,0.8921114453863794
0.012483481686846489,0.01643105239151428,0.761397004128,0.9856621360519184
0.011860537751292708,0.015276213079004494,0.726006984711,0.920054649790889
0.01781567848685626,0.015100734691429446,1.06432402134,0.9100855607780486
0.009468409579197678,0.016481093023853526,0.59010797739,0.9885049905193121
0.012713525022299204,0.01502796568584152,0.774465978146,0.9059514864677768
0.01211893925947815,0.015368702981545211,0.740687012672,0.9253090864423713
0.014761899136367985,0.015146159947674764,0.890836000443,0.912666211473548
0.012494273509139862,0.015700582328353953,0.762010097504,0.9441634581720222
0.012766050959634408,0.01521966641599102,0.777450025082,0.916842181721456
0.00930997249221173,0.015269413734572752,0.581107020378,0.9196683727638106
0.013002413480932217,0.014702011865784445,0.790877997875,0.8874337493770217
0.014753731302744369,0.015446576914641436,0.890371978283,0.9297331763918201
0.012955379978929435,0.015661204392625486,0.788205981255,0.9419263613315288
0.011934255990649458,0.015294155688727322,0.730194985867,0.9210739859947451
0.015361384550163552,0.01511281531530749,0.924893319607,0.9107718721605221
0.021358359072518436,0.015849477040665208,1.26558697224,0.9526223040793984
0.01295904160247265,0.01716704127156031,0.788414001465,1.0274743430081836
0.015241120675537363,0.015626584086199755,0.91806101799,0.9399595497988988
0.010644574472395963,0.015769592219657166,0.656926989555,0.94808397373337
0.013607755394068022,0.01497278351962257,0.825268030167,0.9028165367194906
0.00657486402927022,0.015511280899979371,0.42572298646,0.9334090694646553
0.015124981110994449,0.014460940120756875,0.911463022232,0.8737382412413955
0.011822604800180029,0.016286041005916643,0.723851978779,0.9774239055160929
0.01608023679326224,0.015126126206799956,0.965731978416,0.9115280761806434
0.011744592284268116,0.016031316795593054,0.719420015812,0.9629527882375886
0.01166059422041537,0.01514820142073308,0.714648008347,0.9127821894405039
0.009974861427132919,0.015069841985586932,0.618879973888,0.9083305176719008
0.014048321100001761,0.014775360778435949,0.850296974182,0.8916007687423276
0.009841462920661972,0.015655921405312558,0.611301481724,0.9416262299506557
0.013877298100093903,0.014820423417832448,0.840580999851,0.8941608188402641
0.009483935282721897,0.015623159093958186,0.590990006924,0.9397649728313513
0.020059680871782153,0.014768304681117402,1.1918078661,0.8911999053469891
0.017959207834798784,0.01742584635646064,1.07247805595,1.0421772985345086
0.013122144374243153,0.016164762719425428,0.797680020332,0.9705339742256165
0.011649839119265069,0.01540486205054381,0.714037001133,0.9273633164957122
0.014721854194365322,0.015064716638760411,0.888561010361,0.9080393419924262
0.012049269789554411,0.015715246525761124,0.736729025841,0.9449965447490881
0.016076875234008765,0.015149887825453262,0.965541005135,0.9128779956477497
0.014165358759032194,0.016015302259892596,0.856945991516,0.9620429876968872
0.009357973334312769,0.015505204808659086,0.583833992481,0.9330638811137755
0.05272512946002203,0.014766654421377846,3.04756212234,0.8911061525694234
0.01468626195445752,0.03370347915443955,0.886538982391,1.966924627956959
0.019965563507214002,0.02531662316443662,1.18646097183,1.4904596053543562
0.014484435153022692,0.016829737117221993,0.87507301569,1.0083117829603747
0.018654408507943802,0.015672000062634403,1.11197304726,0.9425396732997968
0.011278255673110733,0.016497122625860464,0.692927002907,0.9894156469907778
0.008996088469263912,0.015248565516182581,0.563274979591,0.9184839662522004
0.008797077655670662,0.014615811810259505,0.551968991756,0.8825366447345915
0.015295229819157916,0.01456532186004543,0.921135008335,0.8796682641043972
0.008700864037960944,0.016078093379758705,0.546503007412,0.9656102091183485
0.01667964666640754,0.014765117928847132,0.9997850060459998,0.8910188630119005
0.012304413606876091,0.016480583054842637,0.75122398138,0.9884760187095435
0.013871594780435897,0.015245213327431263,0.840256989002,0.9182935253180686
0.01288688978259399,0.015497904353004181,0.784314990044,0.9326491354960172
0.009493757666570506,0.01527930823431925,0.591548025608,0.9202304884184702
0.009835875010343467,0.01473110448288998,0.610984027386,0.8890865277820974
0.015501949976545337,0.014754266590016052,0.9328789711,0.8904023884465112
0.013148935078350939,0.016036906755096815,0.799202024937,0.9632703589916927
0.016390441356677526,0.015334204827357131,0.9833549857139999,0.923349214491003
0.008595708294883223,0.016024107547766953,0.54052901268,0.9625432242206906
0.018332233897811294,0.014839560879711305,1.09367001057,0.8952480356969188
0.01539200684428644,0.016993667172495397,0.926633000374,1.0176248005660413
0.013114433981284528,0.015732162880546637,0.797241985798,0.9459575784636101
0.009459573420601093,0.015327138878017815,0.589605987072,0.9229477913932798
0.012810126835063168,0.014734379941684257,0.779954016209,0.8892726096166144
0.0082040583123453,0.015391832716951132,0.518279016018,0.9266231080395122
0.011867244083009994,0.014564941169067702,0.7263879776,0.8796466366989042
0.010023385807963529,0.01524619965599798,0.621636688709,0.9183495595534715
0.014589960205983297,0.014785769613028875,0.881067991257,0.8921921042338988
0.011957257071742682,0.01578661302652324,0.731501698494,0.9490509414669074
0.016162140702231913,0.015133222035177946,0.9703850150109999,0.9119311967341063
0.014422158175778525,0.016042513413664375,0.871535003185,0.9635888784350098
0.008772522745213592,0.015548581234914344,0.55057400465,0.9355281358882425
0.0036160492527104004,0.014715666799528737,0.257629990578,0.8882094987547224
0.011318459040653095,0.013878009819908943,0.69521099329,0.8406214333099938
0.005325456697934111,0.015583916286635288,0.354743003845,0.937535552760185
0.02211110074318946,0.01419174276955646,1.30835092068,0.8584448914834939
0.02415928285796321,0.018853731152621747,1.42471003532,1.1232967505064717
0.04171810861695468,0.01743993359711235,2.42224311829,1.042977607666265
0.02703519333645801,0.026448944921925205,1.58809316158,1.5547878485504132
0.049826529505779156,0.023407429857678685,2.88288998604,1.3819965730641308
0.025674836188816153,0.03144607427698272,1.51081001759,1.8386793752373736
0.008063803442003394,0.026208253079849614,0.5103110075,1.5411139230518107
0.010764674675589782,0.016095858283568035,0.663749992847,0.9666194496853899
0.009406062307195918,0.014997176721691673,0.586565971375,0.9042023370228531
0.01524532682132802,0.014673158379806442,0.918299973011,0.885794556231812
0.018907704726686615,0.016006833358007753,1.12636303902,0.9615618615713415
0.015724777080829894,0.01651054326609544,0.945537984371,0.9901780859381641
0.013127248614521327,0.01579499600279244,0.797969996929,0.9495271860789934
0.01473884035059621,0.015334481358759741,0.88952600956,0.9233649244949845
0.007913040026815388,0.01565350711524517,0.5017459988589998,0.941489071905627
0.012967737171518848,0.01465493248571461,0.788908004761,0.8847591263817265
0.008888204869109118,0.015541602778988597,0.557146012783,0.9351316833720248
0.01330251448138052,0.01465470797653004,0.807927012444,0.8847463718079234
0.012076764490613791,0.015548815172482355,0.738291025162,0.9355414260972031
0.010948758865056247,0.015138011544420543,0.674207985401,0.9122032931707507
0.01454953441316556,0.014940865059594674,0.878771364689,0.9010032195721877
0.012110155559667447,0.01571467434383765,0.740188002586,0.9449640385663869
0.014723420613825809,0.015156011866744368,0.888650000095,0.9132259080806882
0.013133533177569852,0.01569229232672071,0.798327028751,0.9436924955347399
0.008124865473663043,0.015323645706135841,0.513779997826,0.92274934107749
0.01274118339477335,0.014572856936604844,0.776037275791,0.8800963387520927
0.014092873301249276,0.015466615427173216,0.852828025818,0.9308715827669574
0.012901816406720775,0.015530095274207192,0.785162985325,0.9344779314139242
0.01392271167466826,0.015281899064900364,0.8431609869,0.920377675892878
0.017119946930936117,0.015490218705805699,1.02479887009,0.9322125067914698
0.013240923665116235,0.016153822006094477,0.804427981377,0.9699124222124742
0.01464387630124998,0.015387083110219683,0.884131014347,0.9263532785013217
0.005445539065138618,0.015629546163679398,0.361564993858,0.9401278281519516
0.019702058807985246,0.01448810863013951,1.17149102688,0.8752817093124469
0.006963310878076766,0.017953436395268363,0.447791010141,1.0721501751482325
0.01257459106427803,0.015119067240352932,0.766573011875,0.9111270497874704
0.01269757755010622,0.015525177320123401,0.773559987545,0.9341985379074081
0.017648439864017488,0.0152549996875005,1.05482304096,0.9188494974579436
0.012887154174887509,0.016367382292826263,0.784330010414,0.9820449790330479
0.017286325229594897,0.015361213889424616,1.0342509746599997,0.9248836242130489
0.018390479941629366,0.016260309314677382,1.09697902203,0.9759620644087064
0.012517031181439842,0.01628819539288852,0.763302981853,0.9775462982266001
0.009437870169964226,0.015355977670110738,0.58837300539,0.9245861497653283
0.010286122510575427,0.014711736434916231,0.636563003063,0.8879862111167606
0.009203707770320906,0.014843475585729439,0.575070023537,0.895470433755695
0.008585763157455937,0.0146359841950909,0.539964020252,0.8836826565185181
0.02239837347098145,0.014526719710922134,1.32467114925,0.8774752404163234
0.013477110974067086,0.01836958120877101,0.817846000195,1.095791745744871
0.01027552583498243,0.015772482758922887,0.635960996151,0.9482481879345219
0.013402231297093753,0.014858380240307612,0.813592016697,0.8963171809263795
0.016458369194776216,0.015483643579747602,0.987214028835,0.9318389678169577
0.016400544919644513,0.016026153968377956,0.983928978443,0.962659483262677
0.00947494069856801,0.015904185987240763,0.590479016304,0.9557303697833711
0.014899953885055404,0.0149149098927428,0.898679018021,0.899528682609174
0.010114271710972848,0.015909577009659046,0.626800000668,0.9560366387382023
0.01127399601935214,0.014892224519061942,0.692685008049,0.8982399056113952
0.009214884640122368,0.015025732714701853,0.575704991817,0.9058246293182323
0.010988540463929846,0.014649215557564897,0.676468014717,0.8844343424217638
0.013654911649649479,0.014995236560082073,0.827947020531,0.9040921146527215
0.01060688807760509,0.015504678603224381,0.654785990715,0.9330339868977976
0.018193977707366377,0.014910761594645813,1.0858155489,0.8992930139689947
0.014059904000846784,0.016710381507274323,0.85095500946,1.0015310806973037
0.014710852536910818,0.015536717209406789,0.887935996056,0.9348541296589292
0.01062447331321581,0.015620321802888137,0.655785024166,0.9396037837092974
0.010694811108130118,0.014948003076714303,0.659780979156,0.9014087369069668
0.014670226351517636,0.01490174217271241,0.885627985001,0.8987806122918365
0.01228814928360371,0.015759772403009013,0.750299990177,0.9475261008943952
0.015456836466243122,0.015185802017499084,0.930316030979,0.9149183140155939
0.011859464444440629,0.015851998228052964,0.725946009159,0.9527655350597711
0.011620856686924023,0.015141230007302824,0.712390482426,0.9123861370149492
0.01549804284586237,0.015061289275042064,0.932657003403,0.907844630299096
0.010601801673316228,0.015901411479504045,0.654497027397,0.9555727474403785
0.007859898747875323,0.014979529920060526,0.49872699379900004,0.9031998059494605
0.016300424171251826,0.01443280308798383,0.9782410264019998,0.8721397504634258
0.008926542802083305,0.016469896296115095,0.559324026108,0.9878688940916013
0.014454969050623717,0.014859172811807084,0.873399019241,0.8963622076441221
0.010051783849385496,0.015840363411488388,0.623250007629,0.95210455040187
0.01020448299391687,0.014864247235550535,0.631924986839,0.8966504903362895
0.013753272930227807,0.014816473409162124,0.833535015583,0.8939364152052631
0.01424275645792147,0.015570133016729909,0.861343026161,0.9367525124868296
0.017317340964488687,0.015534002275571834,1.03601300716,0.9346998917642309
0.009924818888934692,0.016182877399999886,0.616037011147,0.971563085933226
0.016462575340566873,0.015023851669087832,0.9874529838559999,0.9057177653823223
0.010851348137751321,0.016288593773090852,0.668673992157,0.9775689305732549
0.010444031862138796,0.015058899971345102,0.645533978939,0.9077088917528119
0.01680717503422435,0.014853373463411576,1.00703001022,0.8960327413139932
0.012745808161704208,0.01633391054055943,0.776300013065,0.9801434179213064
0.015554229357558735,0.015308608605444224,0.935849010944,0.9218950695209676
0.01074569928204759,0.015850487439852935,0.662671983242,0.9526797057889773
0.018678680140900784,0.0149995982690619,1.11335194111,0.9043399073619486
0.008754181053847798,0.0168379769112287,0.54953199625,1.0087798932560954
0.015404861346212481,0.01506487951340603,0.927363276482,0.9080485950512361
0.01354201089079896,0.016112579840548952,0.821533024311,0.9675694167570029
0.01526388044620145,0.015396578644473378,0.919354021549,0.9268927285584353
0.011226487240695056,0.015750981959387275,0.689985990524,0.9470267076862715
0.010518663933625869,0.015048404476765816,0.649773895741,0.9071126330275033
0.016164252693121897,0.01486535853987226,0.970504999161,0.896713624559579
0.01322360387098109,0.016153448756899565,0.803444027901,0.9698912175815252
0.014784131171591887,0.01535796974143043,0.892099022865,0.9246993211739579
0.012216455953554493,0.015659776838718567,0.746227025986,0.9418452606776799
0.02540371657147403,0.015176682748415236,1.49540746212,0.9144002399297464
0.012454613614662888,0.01893583600793173,0.759756982327,1.1279612030483641
0.016115371592522652,0.016127220333348596,0.9677280187610001,0.9684011566534565
0.01890150829426178,0.015999017637725252,1.12601101398,0.9611178432949461
0.012531799380026928,0.01645720367903101,0.764141976833,0.9871478148107522
0.024143597679717237,0.01538951420599586,1.42381894588,0.9264913912941639
0.013707225653459448,0.018415893174887288,0.830919027328,1.0984227712458055
0.008440069359749539,0.015998681630768265,0.5316870212549999,0.9610987544298759
0.011302282848145221,0.014638917606152074,0.694292008877,0.8838493063059034
0.018392609768350242,0.01509974770959606,1.09710001945,0.9100294894299636
0.014260851592983062,0.016695589465815674,0.86237102747,1.0006907311817839
0.016176415788192986,0.015571203201137147,0.971195995808,0.9368133106498588
0.01228622194766397,0.01592151729047677,0.750190496445,0.956714977102004
0.009043861640232114,0.01522391027616922,0.565989017487,0.9170832793315902
0.011817975836538553,0.014649695410801196,0.723589003086,0.8844616033266072
0.0182478654748056,0.015185551391140216,1.08887696266,0.9149040757010353
0.003683378011429261,0.016604406826679532,0.261454999447,0.9955105613697883
0.0024663902123731357,0.014913480125102983,0.19231680035600002,0.8994474561911177
0.0026868091958974654,0.013471795611715937,0.20483900606600003,0.8175440295583514
0.005687305891004345,0.013493109906528515,0.375299990177,0.8187549143013038
0.0023884862861613763,0.014164103884216253,0.18789100647,0.8568747009205429
0.00643688009994022,0.013570019602231018,0.417883992195,0.8231242250352585
0.00986845611569171,0.014392324800014976,0.612834990025,0.8698401415974832
0.007569162690645842,0.014886112992401127,0.48221001029,0.8978927041461437
0.013403515488271412,0.01437107864203322,0.813664972782,0.8686331277707212
0.014919667898363362,0.015686922003229187,0.899798989296,0.9433874025050251
0.012577635772452102,0.015682353820047353,0.766745984554,0.943127879805985
0.010985582837338224,0.015235215375848023,0.676299989223,0.9177255324691671
0.016338592137736523,0.014950038456259744,0.980409383774,0.9015243686958373
0.01801298229145624,0.01616029258960254,1.07553303242,0.9702800220283165
0.010451776877911594,0.01624188497307679,0.645973980427,0.9749153605726529
0.012461883353781383,0.015124436156991494,0.76016998291,0.9114320628925712
0.014407777123063632,0.015264393168387035,0.870718002319,0.9193831497691619
0.01748533709219418,0.015607046285648275,1.04555702209,0.9388495893330864
0.00758718700633241,0.016213634882127223,0.483233988285,0.9733104468554202
0.018197030808838464,0.014877657899333756,1.08598899841,0.8974123625122521
0.01196775302645693,0.01709144634648601,0.73209798336,1.0231797256060127
0.011629808254860109,0.015284324945296072,0.712899029255,0.9205154923951466
0.01748238051494303,0.015062018527864568,1.04538905621,0.9078860598244117
0.012035029326389907,0.01641070146317168,0.735920011997,0.9845059810464791
0.014847393324906026,0.015249877653175856,0.895693004131,0.9185585099647553
0.014475246471350484,0.01572418116317867,0.874550998211,0.9455041297397176
0.015341206801133477,0.015561233042877765,0.923747003078,0.9362468967653149
0.016679523912846467,0.015737360818298476,0.999778032303,0.9462528781004906
0.02970089304964091,0.01598993479150239,1.73953402042,0.9606018384254179
0.013352891706665064,0.02015559540432397,0.810788989067,1.1972568591398147
0.011489095943870813,0.017037002060861665,0.704905033112,1.0200866955347312
0.013740809770884576,0.015040235431767399,0.832826972008,0.9066485420481838
0.013649859868157187,0.015501008138488925,0.827660024166,0.9328254644115137
0.014840669157199426,0.015419579759274743,0.895310997963,0.9281994431004258
0.024771682576762682,0.015657828770141803,1.45950102806,0.9417345891054524
0.01984337019826636,0.0183474663147596,1.17951905727,1.0945353782231726
0.024488478552686713,0.016597614513424994,1.4434119463,0.9951246837903706
0.022082657587203187,0.017725284129082843,1.30673503876,1.0591886345191224
0.012520498707464734,0.016882304466542875,0.763499975204,1.0112981825494685
0.019238362972216868,0.015668755226812096,1.14514803886,0.942355331184556
0.011848885604836943,0.016818285130345556,0.725345015526,1.0076611850256503
0.012518017406709468,0.015346446110840281,0.76335901022,0.9240446530937925
0.009950254057889968,0.015233300385335755,0.61748200655,0.917616740092286
0.017199581472499746,0.014786194335285538,1.02932298183,0.892216233096951
0.022000295188316053,0.01649299350964832,1.30205595493,0.9891810680911648
0.05477689765793517,0.017194150778805053,3.16412496567,1.0290144591133736
0.01621598545354135,0.034232346439950566,0.9734439849850001,1.9969700661336904
0.02072615720955849,0.026342562718515455,1.22967100143,1.5487441774759891
0.012179948832351916,0.016916532015138548,0.744153022766,1.0132426811475972
0.017792972224195316,0.015503613258736122,1.06303405762,0.9329734636950285
0.01886385757148474,0.016447377247926796,1.1238720417,0.9865895661984293
0.014896398228248404,0.01637211980753568,0.898477017879,0.9823141216123163
0.011711041740475105,0.015674853273023148,0.717513978481,0.9427017668130256
0.008529206286694634,0.015103777455905631,0.536750972271,0.9102584230337792
0.019771623360390025,0.014560319218326047,1.17544305325,0.8793840594152098
0.018462119763640237,0.017466483218914045,1.10104894638,1.0444859161631455
0.00917517438520602,0.016251225519920975,0.573449015617,0.975446005652113
0.024272551877514557,0.015067977923875542,1.43114495277,0.9082246186071607
0.01734870712425241,0.01897275296765042,1.03779494762,1.1300584895723909
0.010643430870786294,0.01629587566689534,0.656862020493,0.9779826216751744
0.01800198063391372,0.01509278579143461,1.07490801811,0.9096339764393857
0.02347740671769949,0.0166507815670957,1.38597202301,0.9981451531365859
0.01676800930153784,0.01756757795536125,1.00480496883,1.050229201363671
0.027412705675179897,0.01616567867405029,1.60953998566,0.9705860104524884
0.048676855252381315,0.019142321807518792,2.81757593155,1.1396918517306163
0.033626696966207854,0.03078885034495877,1.9625625610399997,1.8013418776101304
0.0216076957017748,0.028288620343781518,1.27975201607,1.6593015056945268
0.03420347716636611,0.018916493224018283,1.99532997608,1.12686232165759
0.03487334863720406,0.02208556260667456,2.03338599205,1.3069000755949878
0.022095136484101212,0.02407347939134684,1.3074439764,1.419835461259174
0.027442947118470114,0.01946651828451982,1.61125802994,1.1581097525418504
0.03499360936424888,0.01863645697017697,2.0402181148500005,1.110953203845731
0.03751120322465127,0.022803159654575654,2.18324494362,1.3476674256073535
0.022869142849915477,0.025630964873966648,1.35141599178,1.5083176477381401
0.011829047788768251,0.020638712916136108,0.724218010902,1.2247032104852613
0.023079894989999065,0.015721842908609937,1.3633890152,0.9453712913414825
0.02595645385913101,0.018129301719091342,1.52680897713,1.0821412463661253
0.030483939114173367,0.01795771764853015,1.78401958942,1.0723933970939268
0.018506972029089488,0.020113259926019894,1.10359704494,1.1948517415783486
0.030114087857399215,0.01752526263382899,1.76300799847,1.047825228926999
0.019456648194565614,0.020157574217048856,1.15754902363,1.1973692773154474
0.01938231408905698,0.017506194239835383,1.15332603455,1.0467419358805952
0.04067197122828257,0.016430457561070186,2.36281108856,0.9856283431858757
0.044508853298835006,0.025811478852893636,2.58078789711,1.5185728133391776
0.020945762295010713,0.03067645160595607,1.24214696884,1.794956401600615
0.029230683930579524,0.022988184575855906,1.71282100677,1.3581788620031763
0.010833341133471841,0.01953396719968046,0.667650997639,1.1619415876091082
0.01364058305572047,0.01686771149499089,0.827132999897,1.0104691423789154
0.016054410281741753,0.015509089954610408,0.964264750481,0.9332845998378978
0.02362156347281409,0.015921199457720518,1.3941617012,0.9566969207300368
0.012430815159943293,0.01780657083885083,0.758404970169,1.0638066074583337
0.011228071496162458,0.015854659814719604,0.690075993538,0.9529167422526442
0.010945537895353161,0.014989865041988487,0.674024999142,0.9037869537565619
0.014245907132849362,0.014942278431807274,0.861522018909,0.901083514550905
0.013000107392523908,0.015643018523357165,0.790746986866,0.9408932053285753
0.011904420578367597,0.015299125918878692,0.728500008583,0.9213563493528658
0.0033268093201662143,0.015107666991919254,0.24119800329200003,0.910479391161389
0.004986032588459253,0.014142646316571417,0.335460007191,0.855655676715873
0.009488441492784693,0.01394613612225333,0.591246008873,0.8444917513678027
0.017711877229660986,0.01490992116541396,1.0584269762,0.8992452684093442
0.01258196572098589,0.016693132156841553,0.766991972923,1.0005511291929943
0.009433486713462502,0.015326553676525648,0.588123977184,0.9229145455568751
0.009505767581976963,0.014713069408235607,0.592230319977,0.8880619385602152
0.014489328508957686,0.014692480204868727,0.875351011753,0.8868922469309248
0.011470137337118273,0.015800790597386663,0.70382797718,0.9498563823412878
0.009074858490112957,0.01505810014514481,0.567749977112,0.9076634528888259
0.011638397857152488,0.014631812675865066,0.713387012482,0.8834456686645961
0.018047710010455832,0.01514345016130357,1.07750594616,0.9125122660110125
0.011243314971386245,0.01656529232311113,0.690941989422,0.9932884303532282
0.01267818038787766,0.015200339019617398,0.772458016872,0.9157441745110086
0.011820141335396472,0.015282094118605774,0.723712027073,0.9203887570737481
0.016247757644348635,0.015092955297430669,0.9752489924430001,0.9096436062313292
0.015190355255198571,0.01607337640348433,0.915176987648,0.9653422333465139
0.012413142842732521,0.01568154768160314,0.757400989532,0.943082082337601
0.011247979607006344,0.015214770563370672,0.691206991673,0.9165640438194588
0.019913935664366313,0.014993213246387839,1.18352794647,0.9039771683359844
0.012645034825963759,0.01715551294651614,0.770574986935,1.0268194082317565
0.014831146837622957,0.015473628224382599,0.894770026207,0.9312699862431657
0.009894859673909701,0.015692261341753777,0.614335000515,0.9436907352501961
0.012621394796801464,0.01486278028315776,0.769231975079,0.8965671514181284
0.015047741837644872,0.015324662496050162,0.907074987888,0.9228071058501398
0.006241952678576553,0.015741486413335504,0.406809985638,0.9464872569588982
0.008126766580209843,0.014565211646554693,0.513888001442,0.8796620027743568
0.0034491272187127217,0.014497951587485576,0.248146995902,0.875840896795809
0.0036027771788086096,0.013818889761864454,0.256875991821,0.8372627682958322
0.009608488188010576,0.013653586021556537,0.598065972328,0.8278717103766323
0.009610318999782184,0.01509861235606718,0.598169982433,0.9099649889490392
0.014573168147270733,0.01471010827850805,0.880114018917,0.8878937140498323
0.018191046310132495,0.015813930765113254,1.08564901352,0.9506028873868395
0.01654284148610121,0.016374873845250916,0.9920129775999998,0.9824705810345125
0.014472324516737486,0.015916816523585613,0.874384999275,0.9564479222001773
0.014518812447345973,0.015559916735138998,0.877026021481,0.9361721161088626
0.016840599677033337,0.015574499139718478,1.008928895,0.9370005559599635
0.013319218409310976,0.01605840865630396,0.808875977993,0.9644919018269187
0.010899701502927987,0.015389288228380267,0.671420991421,0.9264785532974403
0.012194206082323678,0.014946672331151295,0.744962990284,0.9013331360244057
0.011301860030294403,0.015192169968718514,0.694267988205,0.9152800831964781
0.01671662906424682,0.015002257422224732,1.00188601017,0.9044909763052263
0.013049587572502987,0.016233788863667303,0.793558001518,0.9744554131313969
0.013955168977273376,0.015347374589669144,0.845004916191,0.9240974008322427
0.013217970846098277,0.015492903191136075,0.803124010563,0.9323650148785454
0.009192740735662971,0.015337977658725965,0.574446976185,0.9235635525201251
0.009078766669977978,0.014703625545924581,0.567972004414,0.8875254240338132
0.007069223601491791,0.014615502204477007,0.453808009624,0.8825190557445896
0.01403408378438342,0.014278414515718235,0.849488139153,0.8633687933059649
0.006235791918271158,0.015911272495537185,0.406459987164,0.9561329608544057
0.0033999290047253597,0.014472648892035991,0.245351999998,0.8744034273348258
0.03997504571022538,0.013695698355971286,2.32321810722,0.8302641509279771
0.03476297534287277,0.027497769707661136,2.0271155834200005,1.6143725517857512
0.02691241458744444,0.025728583255574367,1.58111798763,1.513863438014567
0.029481145276309392,0.020725904820011944,1.72704994678,1.2296566629471235
0.019335069702605404,0.01964522677347879,1.15064203739,1.1682623465928998
0.02738443668235853,0.017330167604590843,1.60793399811,1.0367417004120927
0.022513894021843922,0.0188545851170185,1.33123397827,1.1233452650113214
0.020584829032364502,0.017160106499684386,1.22164201736,1.027080372223119
0.026955082469058023,0.01661907265295412,1.58354198933,0.9963437404843143
0.027397253413941836,0.01855958294933164,1.60866212845,1.1065859198333095
0.03755360671379531,0.018507960706428406,2.18565392494,1.1036532126113177
0.05170415970067675,0.02426278810780451,2.98955988884,1.4305902640092618
0.012414005265241416,0.03392122423412588,0.75744998455,1.9792949267242228
0.030964910678677036,0.024670934485318458,1.81134402752,1.4537774360817473
0.025976572854335685,0.02130439467051369,1.5279519558,1.2625212047996652
