y_test_true_scaled,y_test_pred_scaled,y_test_true_unscaled,y_test_pred_unscaled
0.012974232618910555,0.01165199937303349,0.789277017117,0.7141597271416288
0.01006102498986119,0.01570274781253697,0.623775005341,0.9442864813253274
0.011252591783822959,0.018375774353782542,0.691469013691,1.0961435840238898
0.014144676356461522,0.019026982085302818,0.855771005154,1.133139295752772
0.011567918423488135,0.020009416855218704,0.709383010864,1.1889523209688388
0.016939507578170407,0.0181551897402443,1.01454794407,1.083611968720066
0.01872055694382191,0.017647538386494882,1.1157310009,1.054771827190657
0.006443903807354338,0.016773335259069072,0.41828301549,1.0051075413885993
0.016723580903174273,0.014168757101034574,1.00228095055,0.857139054458884
0.02053587658791362,0.01821642386688957,1.21886098385,1.0870907359208941
0.019205762981750064,0.020386278227597726,1.14329600334,1.210362163050622
0.010572264226977605,0.012212971626844066,0.652818977833,0.7460290781725621
0.01095664447037943,0.01164843068308194,0.674655973911,0.7139569865746686
0.009659317608085041,0.015940488828414007,0.600953638554,0.957792767666531
0.010865131160250835,0.01994252492922663,0.669457018375,1.1851521289698663
0.01058967320105931,0.020263455095928834,0.653807997704,1.2033844676810463
0.01283579072433334,0.02043664692667277,0.781412005424,1.213223655291798
0.020314844623316435,0.019853462250592674,1.20630395412,1.180092396068889
0.013988983913359902,0.019290795091550156,0.846925973892,1.1481267559087982
0.013667127203506449,0.014840514398199417,0.82864099741,0.8953022059615008
0.010491646607549697,0.01357293163392434,0.648239016533,0.8232896602410414
0.008980158833077845,0.016964418851402513,0.56237000227,1.0159631764738641
0.011725422793189996,0.01862772780966157,0.718330979347,1.1104572921873899
0.018437459935611404,0.020809107998946835,1.09964799881,1.2343835122669493
0.015876737605595503,0.020643497171395325,0.954171001911,1.2249750084382651
0.011913467621307365,0.01607726536744944,0.729013979435,0.9655631689755202
0.010865007357507705,0.013733568693966108,0.669449985027,0.832415599751014
0.014274070158899312,0.016778869858919937,0.863121986389,1.0054219671097733
0.010460437824143616,0.019152667813684937,0.646466016769,1.1402796178813257
0.013555828536112646,0.018386143081365963,0.822318017483,1.0967326409992668
0.015338583861645771,0.018114391923910705,0.923597991467,1.0812942071530744
0.013692668339215544,0.018780883276621724,0.830092012882,1.1191581954953596
0.01786830934176323,0.016291075386727,1.06731402874,0.9777099133323063
0.02629733947042419,0.015987464351886777,1.54617500305,0.9604614904727771
0.01109873015251055,0.015739936843155194,0.682727992535,0.9463992244480426
0.010321309768621723,0.010702964192111003,0.63856202364,0.6602441633751953
0.0104596981552134,0.013174383314865062,0.646423995495,0.8006477627200681
0.011193454989756546,0.019903917109124286,0.688109397888,1.1829587831082433
0.011885040202963895,0.020233827515231145,0.727398991585,1.2017012975009917
0.01052326037279968,0.01981882074984473,0.650035023689,1.17812438046727
0.014384032176329576,0.019170940442985812,0.869369029999,1.1413177028017332
0.006841274420939749,0.019330686678724923,0.440858006477,1.1503930337616117
0.007034951749357704,0.018864867549819392,0.451860994101,1.1239294195005276
0.012415009326500356,0.02020414069832907,0.757507026196,1.2000147620575423
0.007798502029146964,0.02377933802620455,0.495238989592,1.4031250190674949
0.011140254432391248,0.021446850171521786,0.685087025166,1.2706142331750891
0.011831922530470435,0.020401536310767326,0.724381327629,1.2112289888254941
0.014313711168222524,0.021361046184269566,0.865374028683,1.2657396295364605
0.012107673209730128,0.01913609148754844,0.740046977997,1.1393379015079066
0.013287534349268198,0.017737244519996448,0.807075977325,1.0598681153560152
0.013522648351384572,0.017318777637473998,0.820433020592,1.0360946258771013
0.018697338683310777,0.017960676875225595,1.11441195011,1.0725615134913002
0.018595123780052625,0.01724007215723064,1.1086050272,1.0316232949674256
0.00744489043987571,0.014856059962855078,0.475149989128,0.8961853638246928
0.017374636455174175,0.01322160984593121,1.03926801682,0.8033307454991567
0.015729212996117497,0.017706063660999333,0.945789992809,1.0580967020034384
0.012947353784038263,0.01918970727390254,0.787750005722,1.1423838637716575
0.005249977941580947,0.014198347123410587,0.350454986095,0.8588200909160505
0.015570464303927216,0.017080153461038056,0.936771333218,1.0225381663701534
0.016451186537240176,0.02155997518121519,0.986805975437,1.277040969292263
0.010470259158827773,0.021341910463236274,0.647023975849,1.2646525115788478
0.017207574093864416,0.015048347594615236,1.02977705002,0.9071094015000759
0.019982918973433385,0.017027114501285884,1.18744695187,1.0195249741575698
0.015502003484513274,0.017430762385689497,0.932882010937,1.0424565826882408
0.01233280640242299,0.012359363485264424,0.752837002277,0.7543457346424283
0.01038189652364467,0.013152538090292903,0.642004013062,0.7994067153678852
0.0031426194262370445,0.016806345665610095,0.23073400557,1.0069828930242346
0.0073806373400167056,0.020013312382592047,0.471499711275,1.1891736294711193
0.014523159182687017,0.023883998158288205,0.877272963524,1.409070857681902
0.012945258579955536,0.02604705122301873,0.787630975246,1.5319558969154299
0.00390810569767839,0.020262477411681384,0.274221986532,1.2033289245373922
0.006108474959309352,0.017851711692339206,0.399226993322,1.0663711009709536
0.01654879555877404,0.022415679614572553,0.992351233959,1.3256543272260053
0.01250683948770835,0.026374485178227797,0.762723982334,1.5505577218490536
0.011756314725499074,0.02035880556641942,0.720085978508,1.2088014158355895
0.010108604063275864,0.016121197900541534,0.626478016376,0.9680590166921933
0.011877823971795737,0.018561539486193962,0.726989030838,1.1066970724966485
0.01545306887594609,0.01961047073770336,0.9301019907,1.1662878241507528
0.011178679446947885,0.01972812857561776,0.687269985676,1.1729720744190393
0.014329223232450443,0.01732053876502812,0.866255283356,1.036194677157448
0.013782647754316113,0.017159080630327422,0.835203826427,1.0270220916389603
0.015631696302058753,0.01804199290865202,0.940249979496,1.0771811523345878
0.017094584154979327,0.016486806202411136,1.0233579874,0.9888295614614899
0.011970657145080615,0.01596124965004983,0.732262969017,0.9589722090879351
0.015452593599309391,0.014609300426330768,0.930074989796,0.8821667270092272
0.014400296499601957,0.015939959084384808,0.870293021202,0.9577626724197369
0.008065405533442505,0.017112820209044116,0.510402023792,1.024393994447518
0.0171378857386813,0.016207284407986217,1.0258179903,0.9729496705634774
0.007092387829435159,0.01934438083700593,0.455123990774,1.1511710115214135
0.012010649628297397,0.019308145073647393,0.734534978867,1.149112424390762
0.011425498054288306,0.018559646859941797,0.701291978359,1.1065895506540067
0.016936658016608697,0.021428490565213426,1.0143860578499997,1.269571207010682
0.018862065579273123,0.01889357390594179,1.12377023697,1.125560254062967
0.007574918469089729,0.016869416329331338,0.482537001371,1.0105659955898831
0.0073354398956606,0.013920897124965886,0.468932002783,0.843057900658149
0.014492297676481497,0.017968115122242695,0.875519692898,1.072984087163407
0.0192432374429981,0.02331370911767358,1.14542496204,1.3766722114012988
0.033296212883666486,0.02055101258246836,1.9437874555599999,1.2197208736580798
0.026488570645553683,0.016322967571891306,1.55703902245,0.9795217377803797
0.0361299716751261,0.007793918546613238,2.10477590561,0.494978597722671
0.017778995104124673,0.006009682675545552,1.06224000454,0.3936145125815903
0.012930331955828751,0.004333553811423391,0.786782979965,0.29839208619430213
0.03865052840787196,0.007217855875630702,2.24797105789,0.46225194617680204
0.009052274980977881,0.01949114968531593,0.566466987133,1.1595090851345455
0.013848993435311511,0.012249489247377648,0.838972985744,0.7481036778692384
0.004693113196382539,0.011143269630260882,0.318818986416,0.6852583213373923
0.0103231752031899,0.02012383877393706,0.638668000698,1.195452735683645
0.012353746902247659,0.021369858022420835,0.754026651382,1.2662402381875353
0.018194162362175803,0.023613633409346718,1.08582603931,1.3937111869818322
0.00966770262109136,0.019510847845388563,0.601429998875,1.160628155772628
0.01126760653871425,0.016214370393808658,0.692322015762,0.9733522319522834
0.014540251305671723,0.016795856465851994,0.878243982792,1.0063869919135224
0.02159840210240761,0.02023738275297457,1.27922403812,1.2019032738356037
0.01184575171671631,0.01819997073529786,0.725166976452,1.0861560183431662
0.006620418717994791,0.01365339730173229,0.428310990334,0.8278609890293918
0.01142431878068241,0.014947023336542714,0.701224982738,0.9013530769643664
0.014652528854095978,0.021274579438667257,0.884622573853,1.2608273739848108
0.01282792925005659,0.022016921481819746,0.780965387821,1.3030005099956259
0.015380336861841365,0.017798182970709203,0.92597001791,1.0633300849344638
0.01523765314951247,0.016758767969843186,0.917864024639,1.0042799602546746
0.015051738148274398,0.016631263479436414,0.90730202198,0.9970363125783569
0.006297136178213636,0.01528985379008882,0.409945011139,0.9208295911661619
0.014468117321782378,0.01631090672623467,0.87414598465,0.9788365500169024
0.020755605475968157,0.01991088565929297,1.2313439846,1.1833546728692679
0.012606680106182317,0.02141591860652045,0.768396019936,1.2688569824442952
0.01555220339908675,0.013872936486497761,0.935733914375,0.8403332125606081
0.012323829654276018,0.013946453040309587,0.752327024937,0.8445097557748197
0.010078785437818864,0.016802265168087,0.624783992767,1.0067510761971794
0.03389750183069387,0.01681337662593249,1.97794723511,1.007382328363642
0.04267278725254257,0.022497789609003144,2.47647929192,1.3303190717260784
0.011090492024111739,0.019096730767529352,0.682259976864,1.1371017827077383
0.02185986510568,0.0026979368322338215,1.29407799244,0.20547117734744746
0.03633644947286713,0.009410190862967766,2.1165060997,0.586800518435483
0.03481779687688375,0.018697489671559903,2.03023004532,1.1144205278916646
0.029490705366334205,0.008301189698835504,1.72759306431,0.5237971396527257
0.022344649374886585,0.0021626383349082345,1.32161903381,0.1750603760970869
0.018694927677383507,0.0024281277785461464,1.11427497864,0.19014307620717258
0.027570121914064445,0.005900424687397349,1.61848294735,0.3874074655243139
0.01848509251695881,0.010366254023364524,1.10235404968,0.6411153481965933
0.01404532885061357,0.008948839369581435,0.850126981735,0.5605907146680064
0.010578642166665701,0.008735401111045843,0.653181314468,0.5484650903817849
0.009938735156763015,0.01465384875663131,0.616827607155,0.8846975587331601
0.017091887773293478,0.018333150875322363,1.0232048034699999,1.0937221049079804
0.019795175258682202,0.02044441219297785,1.17678105831,1.2136648072312108
0.018597746719522724,0.01781282269652093,1.10875403881,1.0641617812576265
0.016398468600733154,0.012309225271090879,0.983811020851,0.7514973364610444
0.031292022710161994,0.011504813222841442,1.82992756367,0.7057979462237691
0.022705706440311127,0.01453997786161107,1.34213101864,0.878228448182762
0.02135981323004477,0.009594229262568449,1.26566958427,0.5972559096249835
0.013040429316934334,0.005051539962454971,0.793037712574,0.3391815415143163
0.017223632778633473,0.009527967369711149,1.03068935871,0.5934915103893728
0.013533037290162949,0.013399441958394015,0.821023225784,0.813433551793322
0.018429032955516532,0.01584311106484612,1.0991692543,0.9522606471228292
0.008331789171136868,0.015081409939708829,0.525535523891,0.908987703812777
0.012737700131123254,0.015663927874898315,0.775839388371,0.9420810848708656
0.011771981018573678,0.017309840433913676,0.720975995064,1.0355868951015343
0.014336648249597678,0.020391264475150467,0.866677105427,1.2106454363720849
0.013976277345223425,0.018281898894970533,0.846204102039,1.090810432642966
0.012483767062657879,0.017694494590072524,0.761413216591,1.0574394524158452
0.010676216565402998,0.016511850906435005,0.658724606037,0.9902523741916753
0.01806801156228184,0.017461350470237308,1.07865929604,1.0441943199777346
0.02164621514218827,0.019052224569166748,1.281940341,1.134573344538051
0.010698675222612888,0.017076428363119928,0.660000503063,1.0223265401223827
0.01866369371367853,0.011940591195131883,1.11250054836,0.7305548946755582
0.010136634893179057,0.014553961820285094,0.628070473671,0.8790228897701262
0.011164379180775928,0.016956049285880986,0.686457574368,1.0154876937387198
0.014923927552121956,0.016367789166710195,0.900040984154,0.9820680939135865
0.01200575522318035,0.020021534561240756,0.734256923199,1.1896407390221084
0.016879190461298443,0.017875260377234164,1.01112127304,1.0677089234748944
0.014619743159461672,0.0170154344368387,0.882759988308,1.0188614189257332
0.012320558324115957,0.01652450667433389,0.752141177654,0.990971360036333
0.015784679773237068,0.014971275774402576,0.948941111565,0.9027308803231986
0.011049044334063354,0.017014363579156283,0.679905295372,1.01880058251332
0.011775160021241016,0.01695935468177165,0.721156597137,1.0156754763272886
0.01052986913118438,0.01716367666284488,0.650410473347,1.0272831964844378
0.0116969009490249,0.01929470010570475,0.716710627079,1.1483486033638695
0.015022334996429042,0.019411508471668587,0.90563160181,1.1549845943473172
0.01056922791220716,0.019554261122608357,0.652646481991,1.1630945040843716
0.01150248027956594,0.017629777023564247,0.705665409565,1.0537627877841993
0.01066532402223087,0.017770427935253713,0.658105790615,1.0617532957763576
0.010685982293772711,0.019663675235039396,0.659279406071,1.1693104207061236
0.010758627226277382,0.019529515161634342,0.663406431675,1.1616886632223298
0.012825023033086398,0.019961374637305268,0.780800282955,1.1862229982677828
0.012398880346885693,0.019875193064951974,0.756590723991,1.1813269436713778
0.01541678313083683,0.018939501173641266,0.92804056406,1.1281694244920992
0.01153271332947013,0.01794377136078204,0.707382977009,1.0716010956266013
0.005925640338241578,0.01702140314172182,0.388839989901,1.0192005065540928
0.005105407286583777,0.017707158378262505,0.342241793871,1.058158893900636
0.003195355723333207,0.022097011883513845,0.23373000323800003,1.3075505195700026
0.001649573801718625,0.025308523483064532,0.145912706852,1.489999454986611
0.006033251677281452,0.026711957805791803,0.394953489304,1.569729853016169
0.016117359780669506,0.028297139249559428,0.967840969563,1.659785472587348
0.012879972566533521,0.027858846954669864,0.783922016621,1.6348856831501588
0.013750473729193484,0.020550055581836618,0.833375990391,1.2196665055697071
0.01619630606302996,0.01603464265955798,0.9723259806630001,0.9631417336363305
0.01123590464269976,0.01730195139014354,0.690521001816,1.0351387112501922
0.022761910787996803,0.01601174818145465,1.34532403946,0.9618410772234887
0.011802345215442574,0.017112203120432795,0.722701013088,1.0243589370744701
0.011059248617909093,0.015261142852255188,0.680485010147,0.9191984963124826
0.012477567482845299,0.013923319405597073,0.761061012745,0.8431955126544757
0.013296247754303705,0.01913674229802151,0.8075709939,1.1393748746510164
0.009442992246231713,0.018900459442036416,0.588663995266,1.125951427717894
0.016614343866160668,0.017982293199630267,0.996075093746,1.0737895568138915
0.017482819070401456,0.019163754650778658,1.04541397095,1.1409094713201766
0.007377227518670365,0.018210081325187394,0.47130599618,1.086730410278116
0.0175132178899437,0.014588715669335034,1.0471409559199998,0.8809972879823819
0.01890508598376871,0.018252672466882197,1.12621426582,1.0891500523125655
0.04415106756369374,0.019310691909315975,2.56046175957,1.1492571124736195
0.012718718442506336,0.019254234107646123,0.774761021137,1.14604969269906
0.01170562064911753,0.008441196922016808,0.717206001282,0.5317510791071678
0.013171923569329919,0.008719051539266637,0.800508022308,0.5475362561325016
0.009079945943566271,0.018338772740088966,0.568039000034,1.0940414882294875
0.020129600045433044,0.01846750975165276,1.19578003883,1.101355156569286
0.013110966455259635,0.019663954538698375,0.797044992447,1.1693262882045459
0.007705157382646931,0.017267022166914975,0.489935994148,1.0331543498691305
0.01653932150129044,0.014761859755123202,0.991813004017,0.8908337631581691
0.012187271030273894,0.020173528707830596,0.744569003582,1.1982756666489467
0.009812164686388377,0.019346929226558646,0.609637022018,1.1513157878818616
0.014159127703951606,0.016441456593197484,0.856591999531,0.9862532083436162
0.013416981659691527,0.019508029124820164,0.814429998398,1.1604680216578973
0.012469329354446489,0.018916809580482113,0.760592997074,1.1268802941600233
0.01520047665415487,0.016846699055407227,0.915751993656,1.0092754063098688
0.01214492839326655,0.017587436351122337,0.742163479328,1.0513573751389733
0.011982504438236757,0.017027630110640762,0.732936024666,1.0195542664004817
0.014475565420793991,0.016919637413245397,0.874569118023,1.0134191016776426
0.01605839295307498,0.018508000523551366,0.964491009712,1.1036554746587897
0.025091532213368323,0.01749811084305583,1.47767198086,1.0462827106555685
0.010967417407519043,0.01589765298677978,0.675267994404,0.9553592240028767
0.007935817633468787,0.011974322687775735,0.503040015697,0.7324712118776336
0.011520092793751654,0.013957576365131036,0.706665992737,0.8451416821151295
0.051328105716385436,0.021060698336997613,2.96819591522,1.248676591371783
0.021177302804401183,0.0319204704541621,1.25530099869,1.8656302595200884
0.07098311338310484,0.012950210408958801,4.08481502533,0.7879122932179287
0.02886987237252356,0.021423987522854987,1.69232296944,1.2693153850218877
0.006335160407619382,0.010860354308794035,0.412105202675,0.6691856410388389
0.017312728787812887,0.0019637352760924764,1.0357509851499997,0.1637605099103606
0.010362323099887098,0.014676815773667945,0.640892028809,0.8860023361496936
0.011517998638850982,0.020042987747265067,0.706547021866,1.1908595143028757
0.017754182096396003,0.016813554753382726,1.06083035469,1.0073924479483474
0.03219020322884918,0.019850294527994555,1.88095402718,1.1799124348270231
0.03228560688269507,0.0186456440898963,1.8863739967300002,1.1114751325887477
0.022470592438141947,0.0100812543761378,1.32877397537,0.6249242554295923
0.006002104795246938,0.002412651858828302,0.393184006214,0.18926387493712
0.010315694579728224,0.0075069574591780375,0.638243019581,0.4786760737287145
0.01748489643837165,0.01720251070018594,1.0455319881399998,1.029489393955995
0.010677596231584338,0.023096728515629356,0.658802986145,1.3643453433138342
0.013245254662814473,0.01752112847969786,0.80467402935,1.0475903638185629
0.014466269723185909,0.016480116491616598,0.87404102087,0.988449512822438
0.014100389596689578,0.01878021401524574,0.853255033493,1.1191201741394408
0.014838908640203013,0.01681111334431659,0.895210981369,1.0072537492479925
0.011933622288455455,0.016285774131810177,0.730158984661,0.9774087441520107
0.006385077044727974,0.01630917440491217,0.414941012859,0.9787381352451376
0.0038354439783664616,0.017732894760110945,0.270094007254,1.0596210014858554
0.007726209619700314,0.021846592108376223,0.491131991148,1.2933239412236819
0.008021663295918004,0.025485747029928202,0.507916986942,1.5000676881079098
0.020626686950184665,0.025162727876042873,1.22402000427,1.4817166721085289
0.021394813734794314,0.023488449254928073,1.26765799522,1.3865993597326622
0.04543649257557639,0.01795337485494572,2.63348793983,1.0721466789857546
0.06948340890201825,0.01722577395548583,3.9996154308299996,1.0308110009414355
0.11616110182811999,0.025152208057685005,6.65141820908,1.4811190315269294
0.036093044883566065,0.04023074708336302,2.10267806053,2.3377447380190466
0.02167701264862291,-1.534079267306865e-05,1.28368997574,0.051327373469166444
0.021811802362154582,3.9802389616289124e-05,1.29134750366,0.054460108504464116
0.022910297819983706,0.0047794249101963115,1.35375404358,0.3237224344687826
0.041153920624652236,0.00879976695143811,2.39019107819,0.5521217731284415
0.02480583115078867,0.013794229484015402,1.46144104004,0.8358617951711309
0.027230856230182097,0.005929784598159488,1.599208951,0.3890754291285021
0.024976748183907507,0.0035735973915364816,1.4711509943,0.2552182611983774
0.02193251003811426,0.004977665558629635,1.29820501804,0.33498466851085124
0.026886082373254103,0.0051175459369526555,1.57962203026,0.3429314017919261
0.023026489843312504,0.007175509266800523,1.36035501957,0.4598461962798841
0.01322707139700598,0.0068302019056229735,0.803641021252,0.4402289666715039
0.006609118045432597,0.007330653194145692,0.427668988705,0.46866006585595477
0.003823351178070566,0.013802115046307656,0.269407004118,0.836309781236504
0.005941077910983687,0.02118335456195028,0.389717012644,1.2556448046168993
0.006437461343330738,0.02539636589614877,0.417917013168,1.4949898634764596
0.026294892792483093,0.02593012288171223,1.54603600502,1.5253130900221323
0.016993424722531132,0.02651371715109538,1.01761102676,1.558467618618288
0.014312672484167016,0.017360029095837864,0.865315020084,1.038438159266152
0.00998420853436243,0.009781723012791094,0.619410991669,0.6079076024696162
0.01396238730678804,0.015283082102495599,0.845414996147,0.9204448853495832
0.013248521796263919,0.018323859642722845,0.804859638214,1.0931942614162342
0.024356057877976154,0.018897182555417696,1.43588900566,1.125765264767354
0.04424418821111892,0.017509866241518707,2.56575202942,1.046950545682305
0.10832389288395433,0.019862488762205394,6.206179142,1.1806052005172667
0.015467995500072875,0.04824722676609358,0.930949985981,2.7931683410686787
0.015060081194262573,0.005716097122799496,0.907775998116,0.3769356466046751
0.007195463056890905,0.007614092697090763,0.460979789495,0.48476252538765185
0.008348009429044598,0.01606183114353074,0.5264570117,0.9646863364822663
0.013061327849723256,0.019619531523188932,0.794224977493,1.1668025757294525
0.01616242188135029,0.022976861773556817,0.970400989056,1.3575356031634167
0.010867454035484003,0.02030136578125971,0.669588983059,1.20553820867345
0.011398760858166056,0.016427601970166322,0.699773013592,0.9854661144333878
0.011233193572429948,0.01709735879049032,0.690366983414,1.023515617001967
0.010279029032985946,0.019524565179716652,0.63616001606,1.161407450185036
0.016202361905763588,0.01935377724818585,0.972670018673,1.151704830305301
0.010334985775185363,0.01985738143884594,0.639338970184,1.1803150487675762
0.008100186760445239,0.01801340290355055,0.512377977371,1.075556927780939
0.009112933079958077,0.017620141988925225,0.569913029671,1.0532154125815572
0.0137228908973696,0.021363377107365883,0.83180898428,1.2658720514269872
0.007343871596995506,0.022114481549546178,0.469411015511,1.3085429874066838
0.015018803470686078,0.019822374921796476,0.905430972576,1.178326296253274
0.014012729909276014,0.019995518408902874,0.848275005817,1.1881627374173978
0.010639927672782778,0.02009788789562325,0.656663000584,1.1939784423564335
0.010212942498408997,0.016289905160512624,0.63240557909,0.9776434317019616
0.004834565176319657,0.01830182222704843,0.326855003834,1.0919422955103062
0.004445308888372322,0.020644004318261827,0.304740995169,1.2250038199194087
0.0028823524834658233,0.023285280676935666,0.21594800055000002,1.3750571654681274
0.0028629899440514345,0.02617225293639866,0.21484799683100003,1.5390687217053822
0.0017431878240961286,0.027066336628539606,0.151231005788,1.5898624407214643
0.006391991637859713,0.027946256464356528,0.415333837271,1.6398514979987961
0.012008625768171919,0.028450667635946586,0.734420001507,1.668507561791848
0.016530942783341242,0.027223949429149824,0.9913370013239999,1.5988165692643561
0.013004561143800825,0.022015370909429705,0.791000008583,1.3029124205483111
0.01215819207374711,0.016724002802885524,0.742917001247,1.0023049190616447
0.01215357779858399,0.015871700802667726,0.74265486002,0.9538848564920626
0.014569647113277906,0.01801709093862011,0.879913985729,1.0757664484541056
0.012066061848249375,0.018422538793637727,0.73768299818,1.0988003149751733
0.020914007940175137,0.01745814156990197,1.24034297466,1.044012019390646
0.013767459885424374,0.017377696385922986,0.83434098959,1.0394418543075081
0.004458193816384316,0.015126508381794385,0.305472999811,0.9115497878944937
0.014799039959746962,0.01474591001658962,0.892946004868,0.8899276438042697
0.021715315958765323,0.021572646233396692,1.28586602211,1.2777608234511104
0.006379778706931476,0.022686448899927852,0.414640009403,1.3410369800127808
0.018270045051243623,0.014314763782032863,1.09013700485,0.865433828644217
0.009508455570382397,0.0170661624013064,0.592383027077,1.0217433213651572
0.00572296842568734,0.019776090295547694,0.377326011658,1.1756968239554229
0.04649455279800209,0.0174563554993504,2.69359731674,1.0439105510756137
0.039366851088104914,0.031605350618998246,2.2886660099,1.84772801110151
0.01484447137031063,0.020088577728850615,0.895527005196,1.1934495231968525
0.013287200711363937,0.00011154866295268184,0.807057023048,0.05853608045242944
0.020113457426627696,0.008058184089165893,1.19486296177,0.5099917668835016
0.014798951828964855,0.016544697221116372,0.892940998077,0.9921184036174487
0.016289281924229335,0.014586903419729652,0.977608025074,0.8808943324111619
0.03133742684202745,0.013094581888166784,1.83250701427,0.7961141700816781
0.02379109559389412,0.016911947352779982,1.40379297733,1.0129822222513312
0.011796606223805942,0.009697356571636812,0.722374975681,0.6031146671504225
0.010697628145171351,0.0060653916749817405,0.659941017628,0.396779392210759
0.012119783845997732,0.013598997497408644,0.740734994411,0.8247704859818208
0.008856872282959909,0.01931253183569323,0.555365979671,1.1493616403877713
0.02085109726075457,0.01944298065884628,1.23676896095,1.1567725583224764
0.010019255202840737,0.020451568608436527,0.621402025223,1.2140713697925969
0.011594145720177113,0.017424897816773893,0.710873007774,1.042123411120223
0.0044758839695844,0.015504330703883323,0.306477993727,0.9330142224154221
0.010475733758170888,0.02045942321948621,0.647334992886,1.2145175974893385
0.00868896428601892,0.022532000892802356,0.5458269715309999,1.332262646306122
0.017110246251396122,0.02366955479196406,1.02424776554,1.3968881322953681
0.013474224691432711,0.02113121838899132,0.817682027817,1.252682900554529
0.012178346740912805,0.01849192990931478,0.744062006474,1.1027424882447392
0.012049023233232604,0.015382031844844407,0.736715018749,0.9260663114574054
0.00923514527404188,0.01776881001630079,0.576856017113,1.0616613803087027
0.015191816757087296,0.018668405507723945,0.915260016918,1.1127682297246284
0.019095450539625886,0.019886956153476992,1.13702905178,1.1819952155776356
0.007812038495324669,0.019000464430403458,0.496008008718,1.1316328033250909
0.0077790870309290905,0.014662011768366762,0.49413600564,0.8851613069572472
0.014631947172386453,0.0177044875947778,0.883453309536,1.058007164228048
0.0214628800642025,0.022964833263567658,1.27152490616,1.3568522524190265
0.014684466814664536,0.020421667865676535,0.886436998844,1.2123726810238908
0.014902576824560712,0.013357518657398953,0.898828029633,0.8110518504048639
0.015010829734598389,0.012648613903925326,0.904977977276,0.7707783176543885
0.013689851302191913,0.015809731989586545,0.829931974411,0.9503643510773307
0.014494239700881989,0.0157044402966042,0.875630021095,0.9443826329058849
0.008767559094503406,0.016193239553105893,0.550292015076,0.9721517694064787
0.017984579004035987,0.016949655167354444,1.07391941547,1.0151244379689888
0.014028871478987319,0.01895987700515775,0.849192023277,1.129326994269811
0.010334704596084588,0.018126083289603606,0.63932299614,1.0819584044191017
0.013154725479591395,0.014912394953672109,0.799530982971,0.8993858066014555
0.016060311895628697,0.01830698909176462,0.964600026608,1.092235829859378
0.013890939483878578,0.01904401189119384,0.841355979443,1.134106774729215
0.01142291078676162,0.016211920346006575,0.701144993305,0.9732130424773731
0.011825333706439156,0.015761716666821995,0.72400701046,0.9476365563144836
0.016864875506718537,0.017909335805210563,1.0103080272699998,1.0696447799603666
0.01058963857824514,0.01903648207057404,0.65380603075,1.1336789986762958
0.013044782347332499,0.01687618097271168,0.793285012245,1.0109503012182324
0.010590230313403396,0.016817367800049804,0.65383964777,1.0076090706456466
0.019513696079518413,0.01901673135043999,1.16078996658,1.1325569420526571
0.013313990366289672,0.018881460295930047,0.808578968048,1.1248720687078202
0.005671059403721277,0.0165037474700723,0.374377012253,0.9897920104994505
0.003582076940248625,0.015254652781278216,0.25569999218,0.9188297893955615
0.007694226544567449,0.021635033747562787,0.489315003157,1.281305115660575
0.019356227381883185,0.025992979966748958,1.15184402466,1.528884058985765
0.012058932698681265,0.02616087443435719,0.737277984619,1.5384222985118954
0.018245647517144196,0.01844463385973813,1.08875095844,1.1000555560549634
0.03386063798970505,0.014804488183933512,1.9758529663100002,0.8932555235080342
0.014127056498036633,0.018585299998657073,0.854770004749,1.1080469291200696
0.013123147386320037,0.008820859804939046,0.797737002373,0.5533200775862809
0.017606298668802853,0.009334270349595414,1.0524289608,0.5824874040618634
0.0550466701334404,0.016917397468954348,3.17945098877,1.0132918483769378
0.030713620484052788,0.028060058896194423,1.79706799984,1.6463167190926729
0.01768151408195654,0.010933201113120988,1.05670201778,0.6733241351672158
0.01448536787030678,0.001030595393328032,0.875126004219,0.1107479726898907
0.010778580451667973,0.008157128213964054,0.664539992809,0.5156128738530913
0.012409048958770407,0.014802019900323676,0.757168412209,0.8931152980400696
0.023169578537432494,0.017889014234875628,1.36848402023,1.0684902928104147
0.01501556466499368,0.0197156918011879,0.905246973038,1.1722655297952984
0.01724777641225993,0.0141606706601006,1.0320609808,0.8566796562926376
0.009891304017120304,0.011620979263970627,0.614133000374,0.71239744614105
0.016213680414315094,0.01509848269288569,0.973313033581,0.9099576226641318
0.010438663229567102,0.016936527624021286,0.645228981972,1.0143786501268695
0.007696409354814852,0.018226923207586426,0.48943901062,1.0876872131476885
0.013882349881586197,0.017612781418518714,0.840867996216,1.0527972517893263
0.012761544749554009,0.021489338263923824,0.777194023132,1.2730280208841913
0.010972117715100163,0.0203121930994776,0.675535023212,1.2061533186056537
0.010684689709173821,0.017366798056321325,0.659205973148,1.0388227101531105
0.018164714095766133,0.018742930858783063,1.08415305614,1.1170020836407055
0.015476093038903694,0.019920141331035007,0.931410014629,1.1838804961159086
0.0230110816475447,0.016827216941950635,1.35947966576,1.008168609479268
0.012518718256132502,0.013797764483259062,0.763398826122,0.8360626217379085
0.00851130524916897,0.012630682047857639,0.535733997822,0.7697595923755973
0.011018833316859093,0.013821537028774727,0.678188979626,0.8374131619701415
0.012881011250571428,0.020002674114972113,0.783981025219,1.1885692596777158
0.01966468296914624,0.020997032686449008,1.16936767101,1.2450596870558142
0.016952534144932446,0.0189492259394117,1.01528799534,1.128721897403061
0.015379861585204666,0.014900832140054637,0.925943017006,0.8987289124973759
0.022302843915993124,0.012362561213349194,1.31924402714,0.7545274005236599
0.01618609758249121,0.014461929502548626,0.9717460274700002,0.8737944489333281
0.019786702114928983,0.012534256809132754,1.1762996912,0.7642815856465826
0.029262157106384735,0.0112869582254643,1.71460902691,0.6934214029311313
0.02209325426276098,0.013815120482640969,1.30733704567,0.8370486320673631
0.009971499867879449,0.007694431969792331,0.618689000607,0.4893266735534553
0.039538823592209726,0.007557526258739816,2.29843592644,0.4815489338630616
0.03091029058638835,0.01938280476578788,1.80824100971,1.1533539103475523
0.014560863413467202,0.014766408592127717,0.879414975643,0.8910921867830358
0.026733347556708902,0.002251676879957948,1.57094502449,0.18011873794688893
0.026866613867050693,0.009628832424573658,1.57851600647,0.5992217471672742
0.009995122061052429,0.012041370173055482,0.620030999184,0.7362802413431857
0.01655812063330362,0.0069427201202861555,0.9928810000419999,0.4466212302034641
0.007093496808265861,0.01308411398769102,0.455186992884,0.7955194790028361
0.016989691755136285,0.018377175827863218,1.01739895344,1.0962232030587609
0.013829173455249732,0.018824216247883857,0.8378469944,1.1216199815515957
0.007679475657369847,0.01954825079680142,0.488476991653,1.1627530519329499
0.02101958650120929,0.015784217793892025,1.24634099007,0.948914866092401
0.020373407518354723,0.02017619298285453,1.20963096619,1.1984270265698769
0.021127137512536268,0.01798841752115829,1.2524510622,1.0741374851673475
0.0258317949869653,0.009835416539831415,1.51972699165,0.6109579812534388
0.01780641846113879,0.00996377139526769,1.06379795074,0.6182499389512336
0.02674302935097192,0.008114805224594818,1.57149505615,0.51320846579953
0.02157870487592451,0.009204424560377927,1.27810502052,0.5751107450411163
0.020064435736513266,0.009476227891329264,1.19207799435,0.590552142911732
0.013698862673153057,0.006882502084669756,0.830443918705,0.44320018807095907
0.023759811269978597,0.010391531585485864,1.40201568604,0.6425513898100226
0.01943825404444914,0.013843585342154435,1.156504035,0.8386657469847565
0.01954476217515081,0.012995422126750061,1.16255486012,0.7904808125969418
0.009655768246335163,0.009059928712472382,0.60075199604,0.5669018026769737
0.021151511964806517,0.01216632991288244,1.25383579731,0.7433793193924615
0.030621666520031253,0.016190079802153118,1.79184401035,0.9719722610411358
0.029604582907780657,0.01816325047235831,1.73406255245,1.0840699063445436
0.08603578129779062,0.007184303122526464,4.93997097015,0.4603457833327939
0.0412271447020601,0.03434240781006467,2.39435100555,2.003222754061276
0.03802749424331279,0.011470774437792292,2.21257591248,0.7038641714567836
0.03228830116619283,-0.00011417305760319518,1.8865270614599998,0.04571262136182965
0.01552842382953852,0.0018979889780186,0.934382975101,0.16002540208984392
0.015098929026670028,0.0020858776806967627,0.909982979298,0.17069953254767395
0.013361886290818947,0.008746822417538963,0.811299979687,0.5491139453356416
0.017558420580262885,0.015360539187721928,1.04970896244,0.9248452937871534
0.02287569180539834,0.01627108008269415,1.35178804398,0.9765739616718374
0.021564639625265385,0.015644433469809454,1.27730596066,0.9409735897413011
0.012906780057430962,0.010799723377391962,0.785444974899,0.6657411419160043
0.00761163647463549,0.009406379774418244,0.484622985125,0.5865840069806478
0.01083307674116072,0.014312063179484386,0.667635977268,0.8652804049231189
0.013730671585103417,0.020262575339193595,0.832251012325,1.2033344878896632
0.00957101372672734,0.021628913913868092,0.595937013626,1.2809574422650687
0.0050851157019960866,0.018677281179921373,0.341089010239,1.1132724648467291
0.01115651875566363,0.019431392356442284,0.686011016369,1.15611421617693
0.013433193524178023,0.023219310954708056,0.815351009369,1.37130936471541
0.006096435142399166,0.02305477482169535,0.398543000221,1.3619619152744884
0.011399517313921135,0.018969835557450326,0.699815988541,1.1298927488086783
0.006586235521189833,0.02078115331607641,0.426369011402,1.2327953809550987
0.011167132218063886,0.022451994017232607,0.686613976955,1.327717381927892
0.0022967080591394353,0.021516098348703577,0.18267700076100002,1.2745482859769306
0.011435892238959352,0.022743260913268032,0.701882481575,1.3442645228789625
0.03070682602155339,0.023964222118006057,1.79668200016,1.4136284548107663
0.011762317060264768,0.027614598843735044,0.720426976681,1.6210097227383047
0.007320161273040415,0.013510347580370036,0.468064010143,0.819734202447697
0.01036223496910499,0.012069863281906151,0.640887022018,0.7378989611314752
0.012318988757126908,0.020980327490350587,0.752052009106,1.2441106494610226
0.016715424610465244,0.02197865895848869,1.00181758404,1.30082678076199
0.028315068208540902,0.019423600634969368,1.66080403328,1.1556715612950372
0.024614916826879392,0.01756794565758832,1.45059502125,1.0502500908662618
0.01817979914557344,0.009905876810711728,1.08501005173,0.6149608942160067
0.01843582322128771,0.005470163713142545,1.09955501556,0.3629639428183444
0.012624669274472486,0.009395240472757943,0.769418001175,0.5859511729813901
0.02116197854266967,0.0127401282988516,1.25443041325,0.7759773348187449
0.02541979623988418,0.015044309587344123,1.49632096291,0.9068799985834176
0.011730809261768603,0.014971998921689406,0.718636989594,0.9027719629874025
0.014750739053356178,0.00918977885189795,0.890201985836,0.5742787088370535
0.016492903865474747,0.012679105693510578,0.9891759753230001,0.7725105843382625
0.04923024512740366,0.01753246104200154,2.84901452065,1.0482341771331831
0.07443773034856838,0.024464890548065304,4.28107500076,1.442071890006141
0.021061796942087475,0.030108044024390906,1.24873900414,1.7626646427435702
0.011572776107462105,-3.478805690315667e-05,0.70965898037,0.050222556455258895
0.012278362571733726,0.004291492824188475,0.749743998051,0.2960025627235927
0.014760297044911271,0.014567594499397235,0.89074498415,0.8797973748416528
0.02494817912677879,0.018693342609772817,1.46952795982,1.1141849294873907
0.027401229790165134,0.01788655068263087,1.60888803005,1.068350336135663
0.017448441776095773,0.01247189977514826,1.04346096516,0.7607390250443415
0.019935464751803078,0.006001896366402554,1.18475103378,0.39317216517915105
0.007994477052551996,0.008673039821957967,0.506372511387,0.5449222880431971
0.01130797882356405,0.013245205350346761,0.694615602493,0.8046712278632365
0.015449707316675016,0.016957331541435944,0.929911017418,1.0155605398592094
0.012731074585931297,0.021251037526695077,0.775462985039,1.2594899362568586
0.014156973746025875,0.0175543005786781,0.856469631195,1.049474901350772
0.015396723938692422,0.016421031978089612,0.926900982857,0.9850928671250926
0.012294592272209536,0.01720608782468777,0.750666022301,1.0296926136975344
0.01536123766555604,0.016025765118201724,0.924884974957,0.9626373923255931
0.01791845155162295,0.01662669763605082,1.07016265392,0.9967769228052988
0.014488219530144585,0.016963491955910265,0.875288009644,1.0159105186862272
0.012302301616003708,0.014223397126156362,0.751103997231,0.8602432046715135
0.014267662842289714,0.014537772628338858,0.862757980824,0.8781031668470456
0.008052291885098015,0.01711011545497096,0.509657025337,1.0242403348744746
0.014034732175020572,0.017828343772115368,0.849524974823,1.0650435478746683
0.010894702180221575,0.019333768045598915,0.671136975288,1.1505680890551582
0.009875198119387623,0.020081139897554973,0.613218009472,1.1930269731422651
0.00578860696218498,0.018198520033858884,0.381054997444,1.086073602656676
0.01441348044272164,0.02054615973750859,0.871042013168,1.2194451790609389
0.010593616003720902,0.022805697433209232,0.654031991959,1.3478115991517008
0.015081052120173197,0.021349503370869577,0.908967375755,1.265083871663179
0.016171258039946877,0.017965141748314734,0.970902979374,1.0728151670487085
0.016431578490686032,0.018072012538625976,0.985692024231,1.0788865951955493
0.022954342220179665,0.015003713785243428,1.35625624657,0.9045737136312811
0.0221378924964793,0.014442890829160254,1.30987298489,0.8727128443419142
0.010249667848176333,0.011488849040307864,0.634491980076,0.7048910062929106
0.009525491037870605,0.009662827998052709,0.593350827694,0.6011530670451154
0.014564789429321537,0.015111445906659554,0.879638016224,0.9106940747924537
0.019004048442196584,0.020715466846511793,1.13183641434,1.2290636720473629
0.03149174591414567,0.01907360798356314,1.84127402306,1.1357881560282974
0.03889299713241318,0.015823935075980095,2.26174592972,0.9511712415125064
0.04481140202633606,0.011976636980172789,2.59797596931,0.7326026889627996
0.04131235876069703,0.008477054042390048,2.3991920948,0.5337881551806647
0.03397408536914952,0.004683144743767159,1.98229801655,0.3182526694306646
0.039030330048106895,0.0015798694646152744,2.2695479393,0.14195273918437395
0.03460058391225783,0.004356715695673058,2.0178899765,0.2997079341969018
0.024644260175611683,0.0037430406987619402,1.45226204395,0.264844491731401
0.022717446717443385,0.0013050610761405623,1.34279799461,0.12634062122478767
0.022173837259445127,0.0037543617505629567,1.31191504002,0.2654876511237509
0.02155506484686783,0.0069849979549019,1.27676200867,0.4490230729738409
0.021528749419414343,0.008165481852859008,1.27526700497,0.5160874517818935
0.020387753948220236,0.008704922224540529,1.2104460001,0.5467335567337805
0.013433141065392142,0.009098477873701744,0.815348029137,0.5690918160739311
0.011879988421471602,0.010329773049315233,0.72711199522,0.6390428304204827
0.009718256107922516,0.013972679847959885,0.604301989079,0.8459997249020813
0.01638482406943752,0.01806796128937302,0.983035862446,1.0786564399896914
0.018470569825564283,0.019781211769837465,1.10152900219,1.1759877796325136
0.019917404239643673,0.018163473038888628,1.18372499943,1.0840825505543672
0.0067494258991426135,0.0132459644154099,0.435640007257,0.8047143510494336
0.004837188115824965,0.013005337698598546,0.327004015446,0.7910441253771466
0.013233126190557557,0.018341864694760485,0.803984999657,1.094217145025575
0.0065038038767975745,0.024978801692672387,0.421685993671,1.4712676560265443
0.009175297138784694,0.022574882394390622,0.573455989361,1.3346987839538698
0.006050718356024108,0.0207346440634065,0.39594578743,1.2301531474231273
0.006410318640764757,0.02310160853613527,0.416375011206,1.3646225817788111
0.008945430064860992,0.02303397939470661,0.560397028923,1.3607805078910742
0.01272125325124714,0.024441053120418305,0.774905025959,1.440717663760197
0.010295293356258324,0.023158166131261287,0.637084007263,1.3678356709116386
0.00583914313760905,0.020086499777398376,0.383926004171,1.1933314728587
0.009024234708506605,0.019483067281556993,0.564873993397,1.1590499163239358
0.017646538757576304,0.0224760017319052,1.05471503735,1.3290812823367877
0.010589021662875996,0.023822072612450812,0.653770983219,1.4055528103191879
0.009521128564886756,0.018245075839359054,0.593102991581,1.0887184808978623
0.017081400211965254,0.016724948358345676,1.02260899544,1.0023586369392654
0.013796432875179737,0.020644812090888726,0.835986971855,1.225049710227218
0.010303214633560133,0.017974974394465465,0.637534022331,1.0733737687435552
0.0162539100112504,0.01542858488046403,0.9755985140800001,0.9287110323391234
0.007702904277624333,0.018447798786747155,0.489807993174,1.100235358476835
0.018419856864011378,0.018233296596160325,1.09864795208,1.0880492912296942
0.019344291957944935,0.018693774938140922,1.15116596222,1.1142094904606479
0.013270794749359117,0.018785946413906823,0.806124985218,1.1194458369934204
0.007433044195901622,0.012200400232596692,0.474476993084,0.7453148856728505
0.01297997056136513,0.015050413275429747,0.789602994919,0.9072267547319841
0.007464305962675809,0.020144753069643,0.476253002882,1.1966408961084964
0.008683613489436541,0.021034627377420206,0.545522987843,1.2471954761172552
0.010017124326779385,0.020398793889491035,0.621280968189,1.2110731893439064
0.012648467729174478,0.022620272335513086,0.770770013332,1.3372774283646747
0.015516525126778551,0.02133685502929658,0.933706998825,1.2643653077149428
0.013357574178274474,0.01944085895898026,0.811055004597,1.1566520225965948
0.009652265048331648,0.01673796029031413,0.600552976131,1.0030978567931466
0.016727806983318348,0.016421294324288932,1.00252103806,0.9851077712545945
0.014785292609208472,0.019027907277281847,0.892165005207,1.1331918567622523
0.015206338399370176,0.018004291335671024,0.916085004807,1.0750392912076105
0.012130468652372838,0.01478553560827775,0.741342008114,0.8921788102082036
0.015421789797764818,0.015786483663085854,0.928324997425,0.949043592210739
0.010398389567231945,0.016802908199281846,0.642940998077,1.00678760739232
0.0165955783077796,0.017253613527675377,0.9950090050699999,1.032392592709358
0.010120196406724173,0.01756701582710704,0.627136588097,1.0501972663391914
0.017364444761425082,0.017823490133555525,1.0386890173,1.0647678081923753
0.011205628576595371,0.01714587277048371,0.688800990582,1.0262717409418138
0.008259223975993074,0.017638010898288953,0.52141302824,1.0542305618000511
0.010540721805667267,0.016694536756507533,0.651027023792,1.0006309257952486
0.01949454442453522,0.02079809973599242,1.1597019434,1.2337581226974081
0.010445898345889028,0.021753921972629126,0.645640015602,1.2880592653575458
0.0201310542031354,0.016758034391841953,1.19586265087,1.0042382850119669
0.02204690587250322,0.015691104536111306,1.30470395088,0.9436250160549167
0.01464936768740035,0.016484888523911695,0.884442985058,0.9887206163775788
0.01263088249356376,0.010213284699767539,0.769770979881,0.6324250198647344
0.0126386107225293,0.012642879566515525,0.770210027695,0.7704525446583064
0.010378798307502662,0.016936288474606792,0.641828000546,1.014365063828104
0.014812593212749529,0.018102358908301225,0.893715977669,1.0806106004402392
0.008317522478597027,0.01899832594429371,0.524725019932,1.131511313957224
0.00813262832540755,0.018630192638436988,0.514221012592,1.1105973213830254
0.011706832447155887,0.019189802632039704,0.717274844646,1.1423892811553629
0.010365578692386754,0.022396008120452254,0.641076982021,1.3245367715052647
0.007336320154158807,0.020956530217586783,0.46898201108,1.242758704451021
0.020269889538729942,0.019781792239117107,1.20375001431,1.176020756627561
0.013008010833836403,0.02221566290360419,0.791195988655,1.3142911934335522
0.019082638004770797,0.018360484826985463,1.13630115986,1.0952749719075452
0.014294682266694793,0.013881784343413667,0.86429297924,0.8408358674709162
0.014595857623159627,0.015138453700014515,0.881403028965,0.9122284124377712
0.009321131526041481,0.013907618664279892,0.58174097538,0.8423035390620489
0.014309239580956297,0.01654401161783678,0.865119993687,0.9920794538629165
0.015060723289842601,0.018515129252787393,0.907812476158,1.1040604643403367
0.012067663939706087,0.01914962498972092,0.737774014473,1.1401067522460364
0.018802302427181478,0.0160989475154569,1.12037503719,0.9667949517976842
0.015666865724115738,0.016970240331481284,0.942247986794,1.0162939001253277
0.017740622548318714,0.01574092738330876,1.06006002426,0.9464554979475781
0.011681611310072355,0.013242629481124174,0.715842008591,0.804524890357403
0.006192860169051895,0.014375120853417384,0.404020994902,0.8688627695269187
0.004222411489294971,0.016602145634456805,0.29207798838599996,0.9953821009544914
0.010202149626933566,0.022000284458056657,0.631792426109,1.3020553453340689
0.01887782000300662,0.02544923442926647,1.12466526031,1.4979933735947826
0.01871985189770586,0.024474987040886437,1.11569094658,1.4426454810736355
0.021038561894663476,0.016905802987438462,1.24741899967,1.0126331551903471
0.011360810071064067,0.011731504795491093,0.697616994381,0.7186765035061504
0.06410344942282561,0.011715271569559621,3.69397497177,0.7177542789717634
0.013523545396690038,0.03178525636903348,0.820483982563,1.857948622658338
0.014171713616873513,0.014246180502315159,0.85730701685,0.8615375492804354
0.011230887484004037,0.007329075695906545,0.690235972404,0.46857044672632303
0.013842375234358727,0.01693697067785191,0.838596999645,1.0144038204235424
0.02174807332566018,0.01778877370455531,1.28772699833,1.0627955358476509
0.01603607278706897,0.018562825295004942,0.963222980499,1.106770120480889
0.022726282876075178,0.013641469499863307,1.34329998493,0.8271833596061754
0.011959286177743228,0.011655217345795416,0.731616973877,0.714342543141638
0.01106694012571395,0.012478306889767005,0.680921971798,0.7611030191340549
0.011428779876198503,0.013857326307321699,0.701478421688,0.8394463838869288
0.010871221625781035,0.019080854970182498,0.669803023338,1.1361998640208406
0.023119570621995628,0.019417852619361547,1.36564302444,1.1553450112279127
0.016298681490244726,0.02008597402943832,0.9781420230869999,1.1933016046322786
0.011027458591112496,0.015097138408680072,0.67867898941,0.9098812526387996
0.009600866974998512,0.011690119727909093,0.597633004189,0.7163253796542121
0.0135040684971006,0.01710280796563421,0.819377481937,1.0238251896667647
0.01300651470915111,0.020227931668033355,0.791110992432,1.2013663489849205
0.017460524084641535,0.019312228420924366,1.04414737225,1.1493444031149629
0.023724611421694842,0.017315739209529085,1.4000159502,1.0359220099837112
0.014480721070675995,0.016006395723979744,0.874862015247,0.9615369991786528
0.010044179423180689,0.011086241322188134,0.622817993164,0.6820184905680003
0.011691538611510328,0.012423558582743771,0.71640598774,0.7579927173267539
0.010564009311771538,0.018273372099622515,0.652350008488,1.0903260175363916
0.015590859232322389,0.01987545473480798,0.937929987907,1.1813418093771924
0.009531637109715248,0.019440817818065143,0.593699991703,1.1566496853432695
0.008574849630765937,0.01813438975290413,0.539344012737,1.082430302258882
0.015574647367835892,0.01821980525897346,0.937008976936,1.0872828359232787
0.013317388646721424,0.02163068965639678,0.808772027493,1.281058323835597
0.009033986797580022,0.019121149663223952,0.56542801857,1.1384890426896583
0.009679179555182564,0.016477479114808097,0.602082014084,0.9882996810139305
0.01926532888867161,0.019421512325588502,1.14667999744,1.155552922513408
0.01637407106665133,0.021672179851488588,0.982424974442,1.2834154200783092
0.009064315322470292,0.017073563990663482,0.567151010036,1.0221638124817949
0.01292781498307726,0.013534019051674034,0.786639988422,0.8210790005607611
0.012086497694515839,0.017822859052416734,0.738843977451,1.0647319558909387
0.011068841232260753,0.019877060021888576,0.681029975414,1.1814330072165318
0.011555860246006413,0.018142443328397956,0.708697974682,1.0828878333091674
0.010773177196299711,0.01900849656278855,0.664233028889,1.1320891161725957
0.008101965113430965,0.01936631592162083,0.512479007244,1.1524171639054877
0.009713609308291729,0.01961619018244129,0.604038000107,1.1666127510804127
0.010925383228205071,0.021117427164579844,0.672879993916,1.2518994083783472
0.013630171035060111,0.021800202898830973,0.826541483402,1.2906885274523185
0.007084678485640986,0.020349204310566943,0.454686015844,1.2082559596369595
0.008928777546534363,0.018898903733739342,0.559450984001,1.1258630464949646
0.0014261853883793712,0.020272322734426224,0.133221805096,1.2038882464012397
0.00195575241527417,0.023418743023799954,0.16330699622600003,1.3826392844637425
0.0022458206721129074,0.025869060434169006,0.179786041379,1.5218440760694028
0.009198811266857353,0.029093123666469295,0.57479184866,1.7050060813168115
0.014057437388552271,0.028901362156624838,0.850814878941,1.6941119331126147
0.014091746486429262,0.02578951605969812,0.852764010429,1.5173250868050876
0.028787230892970174,0.01932024858916534,1.68762803078,1.1498000362684075
0.0369176047363171,0.017842695756811272,2.14952206612,1.065858897359705
0.013379224970107857,0.014802971216533928,0.812285006046,0.8931693431912155
0.02090163396077847,0.00409875951966851,1.23963999748,0.28505320596775463
0.036546465091373034,0.008783673893392602,2.12843728065,0.5512075116609096
0.036736600926950524,0.017553861119295883,2.1392390728,1.0494499352580275
0.016295970419957312,0.009546483677324108,0.9779880046840002,0.5945434388993939
0.011293234756023398,0.0017044481321617233,0.69377797842,0.14903016816599407
0.011787876031963176,0.008012794438352427,0.721879005432,0.5074131389654187
0.012513739916961563,0.016806412016800526,0.763116002083,1.0069866624965478
0.014158089019896097,0.019085965918165332,0.856532990932,1.1364902216887276
0.018608026544036323,0.018467676509477754,1.10933804512,1.1013646302350972
0.010480997473153213,0.017392641417145333,0.647634029388,1.0402908953125807
0.015348951816906275,0.01499463169059398,0.924187004566,0.9040577514593319
0.012947036932941261,0.016003634250771087,0.787732005119,0.9613801173392188
0.022062097938175988,0.018065724545643452,1.30556702614,1.078529368515836
0.015112800179934048,0.016586554100188472,0.910771012306,0.9944963315152134
0.014394505049179444,0.014145311100397157,0.869964003563,0.8558070655423028
0.009190189140114912,0.01223725908854964,0.574302017689,0.7474088712683659
0.014218292825757468,0.01623494438748349,0.859953224659,0.974521059504943
0.00748775189431978,0.018682108687759186,0.477584987879,1.1135467200186075
0.0185847810049678,0.019587203193412978,1.10801744461,1.1649659735038072
0.02180084477008233,0.01984768186416594,1.29072499275,1.1797640069856916
0.014204294722204155,0.019085403814313756,0.859157979488,1.1364582880505842
0.004465674964445821,0.011129058756464943,0.305898010731,0.6844509884927058
0.014991890013017217,0.014229729249957995,0.903901994228,0.860602938463755
0.010263450870675846,0.021366999609263443,0.635275006294,1.266077849100222
0.017095727756729812,0.02201263060744993,1.02342295647,1.3027567414659127
0.01092867449268335,0.017869065445235116,0.673066973686,1.067356983675467
0.014051525282897586,0.01766556646424053,0.850479006767,1.0557960189117024
0.00813220550755673,0.01650053078399147,0.51419699192,0.9896092675969809
0.02597665469000786,0.018628589737337803,1.52795660496,1.11050625909349
0.07115157744319026,0.020549080056511654,4.09438562393,1.2196110850764301
0.016599573569227075,0.03745677677449252,0.9952359795569999,2.180152926797966
0.014343123762635962,0.007653711922009893,0.867044985294,0.4870133300895678
0.019166334955134146,0.0059730579878645995,1.14105606079,0.3915338303015417
0.027636570414249897,0.015019590938601807,1.62225794792,0.905475709354444
0.03393724251162576,0.014971852679501158,1.98020493984,0.9027636548338331
0.02329390377164114,0.010426474310678974,1.37554705143,0.6445365182501409
0.03167817186398147,0.0034819524846300964,1.8518650531800003,0.25001182952808126
0.024092639211147793,0.005441694993139373,1.42092394829,0.36134660858297096
0.02705428833613833,0.005324432403182561,1.58917796612,0.35468481271562674
0.028533254808304598,0.004352181801385052,1.67319941521,0.29945035948153914
0.03646719776124017,0.005430916949429293,2.12393403053,0.3607342979809937
0.028096764101091198,0.007236522860894684,1.64840197563,0.46331243482312284
0.02028734992227466,0.003575004620780614,1.2047419548,0.25529820718939145
0.013023641454932384,0.002669808734819007,0.792083978653,0.2038731941954185
0.020679624164491307,0.007986099715406397,1.22702741623,0.5058965871387257
0.020678279121018522,0.013903906660541282,1.22695100307,0.8420926567066912
0.018995380151637372,0.014469499548390913,1.13134396076,0.87422451021823
0.02112738301972883,0.009993062054291374,1.25246500969,0.6199139683003008
0.01874099279007077,0.010645648259228951,1.11689198017,0.656987992375158
0.018837718405560266,0.010717798659223926,1.12238705158,0.6610869231312566
0.017390214617378663,0.01062384354798604,1.04015302658,0.6557492466225684
0.013323707832566518,0.011863058949551614,0.809131026268,0.7261502163089728
0.012601574816722085,0.012761001770254937,0.768105983734,0.7771631759773198
0.013132916262200709,0.015286536020386293,0.79829198122,0.920641105609931
0.012576337941995747,0.01761449100903098,0.766672253609,1.0528943752028008
0.01769309698283677,0.017787509794442186,1.05736005306,1.062723731948629
0.014232669681761742,0.017736654039078176,0.860769987106,1.0598345695905451
0.017929266455815912,0.015897688107394087,1.0707770586,0.9553612192373613
0.00841303209935515,0.014491718338511345,0.5301510095599999,0.8754867801736881
0.010706041485917119,0.015454116590424477,0.660418987274,0.930161512325651
0.01652356707745133,0.01759223058808454,0.990917980671,1.051629740161728
0.0053502760007023,0.021327284513693118,0.356153011322,1.2638215978982061
0.016011447581836705,0.018235989954237225,0.961823999882,1.0882023033856816
0.02099297310781257,0.019810481699423982,1.24482905865,1.17765063132314
0.013834032188388155,0.021479365826329783,0.83812302351,1.2724614775085434
0.01535620372005306,0.012810278625840027,0.924598991871,0.7799626395830048
0.013394732837642764,0.013233978806325458,0.813166022301,0.804033437545001
0.016737312516052354,0.01614683829208638,1.00306105614,0.9695156709797496
0.014487268976853583,0.016111242510219753,0.875234007835,0.9674934417878025
0.013147842886327494,0.01578108966098221,0.799139976501,0.9487371539772348
0.014593976450948643,0.015033730298918163,0.881296157837,0.9062789794524103
0.017793784286176822,0.0167113828861237,1.06308019161,1.0015879699531427
0.015023626531845876,0.016794943387306666,0.905704975128,1.0063351190793808
0.01124356152769045,0.01466429147134471,0.690955996513,0.8852908189856175
0.022949304077878055,0.014468169601105946,1.35597002506,0.8741489546865805
0.012410309018901632,0.01777184597968326,0.757239997387,1.061833856188028
0.03505585906302367,0.015148669961636635,2.0437545776400006,0.9128088076812927
0.014177100085434519,0.01582992556150828,0.857613027096,0.9515115665193968
0.04070974575383795,0.012171804946013859,2.36495709419,0.7436903610733752
0.0726450498200142,0.013057739389527895,4.17923116684,0.794021113760258
0.038396896452984,0.031470505002041044,2.23356199265,1.8400673072563551
0.013186551178366616,0.004739798607451079,0.801339030266,0.321471227669039
0.01381926398980107,-0.0011353816369704672,0.83728402853,-0.012303179723843843
0.01466186546954015,0.008963905877410222,0.885152995586,0.5614466568711087
0.014994230724239697,0.017108987707129736,0.904034972191,1.0241762664796794
0.022015848170503283,0.016385937083443464,1.30293953419,0.9830990937980264
0.011805319628841451,0.015948980896175663,0.722869992256,0.9582752098669006
0.013179034882926316,0.013279706398146879,0.800912022591,0.8066312642033729
0.017262884543720384,0.013997783102261047,1.03291928768,0.8474258639275111
0.02234481094804286,0.018201990357957637,1.32162821293,1.0862707549688322
0.0155705461396346,0.015841065912430702,0.93677598238,0.9521444601282033
0.011416310421798151,0.011498347285852945,0.700770020485,0.705430610380988
0.012501699575451549,0.012254849334295298,0.762431979179,0.7484081893497518
0.019234682463572697,0.017051383976265905,1.14493894577,1.0209037454109087
0.012672952344856355,0.018855529485272776,0.772161006927,1.1233989154426816
0.014522139383802875,0.015493843168371407,0.877215027809,0.9324184158520703
0.020969666716536932,0.014629441811550431,1.24350500107,0.8833109776766256
0.010314655895690318,0.017279072050953886,0.638184010983,1.0338389148929967
0.012226893154425739,0.014049797642300493,0.746819972992,0.8503808579115618
0.011120996810548624,0.015252996216183562,0.683992981911,0.9187356784049581
0.02406766463026285,0.01947997381888475,1.41950511932,1.1588741738569366
0.009891550573424508,0.019615963453863045,0.614147007465,1.1665998704208083
0.01201474561062362,0.015213695112175712,0.7347676754,0.9165029464453623
0.010998890583218639,0.014352482369969083,0.677056014538,0.8675766564064906
0.01798647171719676,0.01980866691959257,1.07402694225,1.1775475320074462
0.009917812492927659,0.01915197493262963,0.615638971329,1.140240254669644
0.0161419503631052,0.017023528496487,0.969237983227,1.0193212499181659
0.016535783680490353,0.01657804522542025,0.9916120171549999,0.9940129344933025
0.01332062745241382,0.018068625524459953,0.808956027031,1.0786941757974944
0.04194519222738125,0.01444736878754102,2.4351439476,0.8729672412868061
0.013556356271535229,0.021392365406567054,0.822347998619,1.267518903435721
0.009533784772583856,0.011446410894161846,0.593822002411,0.7024800560766702
0.009224037649815955,0.008807231729462045,0.576224982738,0.5525458540515118
0.006516794246998762,0.01910164675244716,0.422423988581,1.1373810643441191
0.010990652454819831,0.02143252657337366,0.676587998867,1.269800496356008
0.008798239093287245,0.022671153545998884,0.552034974098,1.3401680368517002
0.014950014259242944,0.022236696368626657,0.901522994041,1.3154861239771656
0.012265196464585753,0.02067257125593433,0.748996019363,1.2266267339911467
0.014267670186511287,0.019242450022438268,0.862758398056,1.1453802279518883
0.01576943419964917,0.016890248160634974,0.9480749964709999,1.0117494711359962
0.01766236032860924,0.01742284005059344,1.05561387539,1.0420065075259741
0.0337579656457115,0.015625149718768577,1.97002005577,0.9398780620624537
0.01561180602720418,0.016377580712992973,0.93911999464,0.9826243606870353
0.016842607799516008,0.008969653307409592,1.00904297829,0.5617731736692773
0.012853234321229217,0.008244884928511026,0.782402992249,0.5205984137300123
0.016969732234723773,0.014637213535970223,1.01626503468,0.8837524965074903
0.014540796877083617,0.01560657886024372,0.878274977207,0.9388230344648244
0.012025206942541299,0.015997962335269816,0.735361993313,0.9610578905893218
0.018619519215787937,0.014987812624239177,1.1099909544,0.9036703540116181
0.012682791515529824,0.017264983948956453,0.772719979286,1.0330385568273954
0.019587484613703163,0.01598061893745592,1.16498196125,0.9600725961665663
0.011679481483193059,0.014848543306341527,0.715721011162,0.8957583356367885
0.025052930937282676,0.015358805957476046,1.47547900677,0.9247468273786132
0.013787016522357086,0.01539898604461895,0.835452020168,0.9270294951806524
0.01200943573189493,0.014221426563673728,0.734466016293,0.8601312551997511
0.012919943017050375,0.012016489678297576,0.786192774773,0.7348667574928227
0.019208738444278194,0.01764761930847389,1.14346504211,1.0547764244429052
0.015357964237049472,0.018301635945720734,0.924699008465,1.0919317126963033
0.05116209253096933,0.015091619944852502,2.95876455307,0.9095677436199887
0.036720493979982984,0.023578002740934773,2.13832402229,1.3916869758530754
0.03496709879016543,0.013253373036490962,2.03871202469,0.805135241644795
0.02513620611892445,0.0017392193227996067,1.48020994663,0.15100555156985201
0.015570354140462784,0.0015646915406213047,0.93676507473,0.14109046732618685
0.029285581005346378,0.004227127181044982,1.71593976021,0.29234589118282084
0.016708109756659227,0.011284043181608,1.00140202045,0.693255796601592
0.014740547359624686,0.01065756705759277,0.889622986317,0.6576651103009437
0.012270441294431918,0.00895231317768816,0.749293982983,0.5607880649098682
0.018710927608309565,0.015006025086296088,1.11518394947,0.9047050207754136
0.01572907240656711,0.01703703917199126,0.945782005787,1.020088803852225
0.010438470181213232,0.01564868038402653,0.645218014717,0.9412148608541999
0.019585021148849198,0.01384777913536514,1.16484200954,0.8389040002442987
0.020984558717902353,0.017513533216593075,1.2443510294,1.0471588699177246
0.015002609442188891,0.01660616870758111,0.904510974884,0.9956106554484984
0.008894893364837096,0.010811391667303244,0.557525992393,0.6664040282255987
0.009252366445644783,0.013409837249115458,0.577834367752,0.814024117845065
0.011754512241466914,0.018732231525796367,0.719983577728,1.1163942446675057
0.01247260383211751,0.02155632863708032,0.76077902317,1.2768338057573563
0.008594141875405133,0.020249441584764688,0.540440022945,1.202588347189467
0.013180007468882043,0.018765452708722957,0.800967276096,1.1182815707039693
0.012652779841718953,0.01995420189426264,0.771014988422,1.1858155081212962
0.010891798061615492,0.020044851970820593,0.670971989632,1.1909654225621302
0.047821290156381015,0.01777786091440056,2.7689704895,1.0621755701758977
0.05340406371140735,0.027615761313572657,3.08613300323,1.6210757637217332
0.01873159427320223,0.022314635605005656,1.11635804176,1.319913923866327
0.017004864935532066,-0.000854245426807565,1.01826095581,0.0036684276209521804
0.012181849938898717,0.005116181403474446,0.744261026382,0.34285388138674544
0.018696895931124138,0.013096866656918199,1.11438679695,0.7962439699013103
0.023381375656505495,0.015890368446300512,1.38051640987,0.9549453825409222
0.020716078826943207,0.015986929448510295,1.22909843922,0.9604311021187062
0.026773726136633424,0.00995231914338976,1.57323896885,0.6175993259615301
0.021006507475520554,0.008604495840248777,1.24559795856,0.5410282412355172
0.013688619569800135,0.0077280511710608735,0.829861998558,0.4912366113789517
0.008545876641010575,0.008013077657948203,0.537698030472,0.5074292289318214
0.014208202902069178,0.014029842464696268,0.85938000679,0.8492471858705051
0.01307435021977468,0.01936558089807891,0.794964790344,1.1523754065402805
0.013379295264883052,0.01966248168807269,0.812288999557,1.1692426142023342
0.020370415268913724,0.0169296494167733,1.20946097374,1.0139878928304782
0.017451083600666835,0.017534935528669998,1.04361104965,1.0483747550026281
0.016532861725877358,0.014332235770274399,0.991446018219,0.8664264284077444
0.023330849448302143,0.011718473143706415,1.37764596939,0.7179361633513252
0.01227470094817291,0.013683297110745424,0.74953597784,0.8295596247510779
0.012370298699695538,0.011991749190966433,0.754966974258,0.7334612275934798
0.01408218849487417,0.013336575734932382,0.852221012115,0.8098620636673435
0.02218638750037081,0.018262909747620654,1.31262803078,1.0897316416714684
0.01580331838134644,0.01778855818553579,0.949999988079,1.0627832920134144
0.013926883197662346,0.013371787287739328,0.843397974968,0.8118624644520992
0.010223299961919365,0.011908893535044512,0.632993996143,0.7287541213764839
0.011136065073407852,0.0159831487655053,0.684849023819,0.9602163180308937
0.013684077687758712,0.01848367203842069,0.829603970051,1.102273350984377
0.018756554165538408,0.019964318126694275,1.11777603626,1.1863902206142658
0.01774863195642023,0.01844288431894822,1.06051504612,1.0999561630293764
0.016624833525835395,0.014735776402714035,0.9966710209849999,0.8893519438554411
0.01092054233105596,0.012367399973164689,0.672604978085,0.7548022949307662
0.014042759419076197,0.013864344331011108,0.84998100996,0.8398450842842871
0.013039237453231796,0.01672646346211412,0.792970001698,1.0024447113814805
0.0122996786764984,0.01832562796620993,0.750954985619,1.093294721504168
0.015902350085261845,0.017081478912525844,0.9556260704990001,1.0226134664914195
0.00979362889750426,0.017876197916223163,0.608583986759,1.0677621859293966
0.012780131948059555,0.017036558630565385,0.778249979019,1.020061503850697
0.008055055414171316,0.017675035806939493,0.509814023972,1.0563339810024395
0.01028381642216712,0.0197335657157309,0.636431992054,1.173280963362642
0.009669990873510356,0.020123015374524295,0.601559996605,1.1954059576037208
0.01062180420998174,0.021606262256440106,0.65563338995,1.2796705807187065
0.010321185965878594,0.020621856218850793,0.638554990292,1.2237455659683378
0.014505839388551873,0.020544029001126923,0.876289010048,1.2193241299622704
0.013105738412238329,0.020126605474871523,0.796747982502,1.1956099145150028
0.011094418039966074,0.018484676073232315,0.682483017445,1.1023303911278806
0.01320786728313129,0.01689493653543725,0.802550017834,1.0120158220318263
0.01307551900163044,0.018416623494485668,0.795031189919,1.0984642613756426
0.026978934431657546,0.018572181216391787,1.58489704132,1.107301639002295
0.0169912235517826,0.018509034879687775,1.01748597622,1.1037142373847149
0.015236139188837865,0.012664187413520572,0.917778015137,0.7716630630953673
0.02073583900399753,0.009444943686997193,1.2302210331,0.588774858415378
0.01717451666266221,0.014420543149158277,1.02789902687,0.8714432520334318
0.015144219847665707,0.013088935731758594,0.912555992603,0.7957934067296123
0.013050291569472183,0.011790235672849286,0.793597996235,0.7220130588066466
0.01721920735513121,0.014539117782568195,1.03043794632,0.8781795862992277
0.00845504844267981,0.01639245584273538,0.532537996769,0.9834694305245741
0.009867453103614825,0.016313316794601546,0.612778007984,0.9789734682232322
0.014467818306674688,0.0179321218553323,0.874128997326,1.0709392764795889
0.00553633159149076,0.021584518187524465,0.366723001003,1.2784352801126495
0.012092324816916975,0.019353255428755295,0.739175021648,1.1516751852622635
0.00894588750550838,0.0205944381833518,0.560423016548,1.2221879220885195
0.012737320329472635,0.022401460418344538,0.775817811489,1.3248465215762781
0.013344125842843672,0.01997719191532163,0.81029099226,1.1871215924175524
0.01041264786638576,0.020012343344580658,0.6437510252,1.1891185775281088
0.011818974651904821,0.017749870119639216,0.723645746708,1.0605853873142237
0.015123643411848853,0.018653935639573488,0.91138702631,1.111946183171834
0.010747653896562325,0.019568955443024366,0.662783026695,1.1639293019773473
0.016719268790629793,0.017510345291172874,1.00203597546,1.0469777609349065
0.013558010821777823,0.01754165649389758,0.822441995144,1.048756579234842
0.0172216540330723,0.01736808387004815,1.03057694435,1.0388957584166247
0.011017513453702811,0.015321119310712755,0.678113996983,0.9226058142238277
0.008469271069854999,0.01575212549681368,0.5333459973339999,0.947091673101961
0.004731433293367414,0.016818309810486903,0.320995986462,1.0076625871272387
0.012474082120831096,0.021207756464269506,0.760863006115,1.2570310991894944
0.012177009041749606,0.024030217183717978,0.743986010551,1.4173776953501975
0.008706796077951447,0.02272557780785331,0.546840012074,1.3432599293541478
0.011410976412023028,0.01850820837305442,0.700466990471,1.1036672827807235
0.013790546998935595,0.020068561516581956,0.835652589798,1.1923123837202272
0.021511005758123113,0.020723081278684913,1.27425897121,1.2294962549606496
0.014807823659557665,0.018449544271448487,0.893445014954,1.1003345210722895
0.010015100466653907,0.013827716843620469,0.621165990829,0.8377642429501494
0.012987240300483623,0.01311786855076022,0.790015995502,0.7974371068570496
0.01787149463947009,0.01808179108068761,1.06749498844,1.0794421231872031
0.010871185953802412,0.01938927959745082,0.66980099678,1.1537217515049907
0.021360260178959624,0.015846587772969073,1.26569497585,0.9524581621172872
0.010312508232821708,0.0163113388092799,0.638062000275,0.9788610970531408
0.015535817371417748,0.016022758612934312,0.934803009033,0.9624665899889487
0.013174264280552399,0.014915744360186362,0.800641000271,0.899576089474134
0.018192101780942452,0.018086013689717267,1.08570897579,1.079682013499992
0.005289565442936223,0.01614016560354467,0.352703988552,0.9691365893905777
0.0094378344979856,0.016405297942617886,0.588370978832,0.9841990020610445
0.00766301776116137,0.0192555979308123,0.487542003393,1.1461271727507591
0.007243133933216077,0.023609815715704613,0.463688015938,1.3934943002855966
0.005483190312550693,0.022111031821662935,0.363703995943,1.3083470051845232
0.014483577976388865,0.023317037785438893,0.875024318695,1.376861316086526
0.010408721850531424,0.024446926645131345,0.643527984619,1.4410513441153254
0.007590338205860129,0.02152478144455003,0.483413010836,1.275041580658951
0.0028144254322404715,0.01841324364702221,0.212089002132,1.0982722491245689
0.007108634841318055,0.022126689171295094,0.456046998501,1.3092365136553108
0.0067696860084622956,0.025396929713103672,0.43679100275,1.4950218944375826
0.011823105257027613,0.026047833252455604,0.723880410194,1.5320003247288752
0.008869247311556236,0.023730039216216497,0.556069016457,1.4003243082119328
0.007439486659907619,0.021763739860691772,0.474842995405,1.2886170286317995
0.0037891501452938983,0.020374464252743446,0.267464011908,1.2096910002450747
0.01595898774256608,0.02279142314266966,0.958843708038,1.3470006635433296
0.012932356865136285,0.025377576943878738,0.78689801693,1.493922445772055
0.030665971115792508,0.02210465504374423,1.79436099529,1.3079847345507136
0.02262732251618743,0.017788332533342416,1.33767795563,1.062770472504227
0.02038789453773542,0.012057565325776037,1.21045398712,0.737200302903352
0.009034901678874798,0.005302643390467016,0.56547999382,0.353446958810853
0.006136920213659735,0.010622624212048043,0.400842994452,0.6556799750235389
0.003882468037783559,0.01681640841610285,0.272765487432,1.007554567158939
0.009354646397855867,0.023273055875904308,0.583644986153,1.3743626632486234
0.014102593915054683,0.025624312771874352,0.853380262852,1.5079397356841429
0.014325803968500818,0.024635911783716352,0.866061031818,1.451787764108085
0.019470747018874458,0.019207938634716454,1.15834999084,1.1434196041912656
0.012749081590210778,0.016426865183386624,0.776485979557,0.9854242568970166
0.017894589097202887,0.014366955293273226,1.06880700588,0.8683988765253832
0.009446231051924108,0.014384263834177652,0.588847994804,0.8693821906949689
0.027048841015299804,0.016122869731328232,1.5888684988,0.9681539949408386
0.006699188738826233,0.017915090283486784,0.432785987854,1.0699716971776425
0.006115093684861962,0.01605925825013052,0.399603009224,0.9645401680356456
0.008842244673940814,0.0158838631050989,0.554534971714,0.954575808108458
0.010033265896490689,0.02421668157362697,0.622197985649,1.427970909286203
0.01931588237560838,0.023329183576733165,1.14955198765,1.3775513296900086
0.018817880589561985,0.02161962132680137,1.12126004696,1.2804295218247914
0.016289950249219906,0.016863334294471483,0.977645993233,1.0102204695810395
0.029581337368712133,0.011658027441223101,1.73274195194,0.7145021872541713
0.039614020120262466,0.014024284245689883,2.30270791054,0.848931418323326
0.017624747376034113,0.014328942604404843,1.05347704887,0.8662393406179526
0.013097501333021577,0.0032479928000401503,0.796280026436,0.2367203641041939
0.008240212910472255,0.006761314450656614,0.520332992077,0.43631540683135567
0.009827003179750656,0.01573735250482053,0.610480010509,0.9462524058041423
0.006919565493023703,0.019900443453600175,0.445305794477,1.1827614415347405
0.010561612994234616,0.021830532311987477,0.652213871479,1.2924115693815423
0.019773350303666313,0.022155648874344486,1.17554116249,1.3108817410902924
0.01725026086057896,0.02262982198591232,1.0322021246,1.3378199528099186
0.011744117007631416,0.01632738460799929,0.719393014908,0.9797726736747763
0.01351527264549466,0.012574560056885592,0.820013999939,0.7665712503164427
0.01579861912292977,0.01604573523252803,0.949733018875,0.9637719129356049
0.017371942171676414,0.018052568204364933,1.03911495209,1.077781944635885
0.009438046431493237,0.016044653786030344,0.58838301897,0.9637104749628321
0.015818385595041215,0.014715845939584166,0.950855970383,0.8882196758664626
0.008370945461237695,0.01712003842931173,0.527760028839,1.0248040681970922
0.012698392759704302,0.018801273171455718,0.773606300354,1.1203165642231074
0.01616162975361659,0.0184451310768122,0.970355987549,1.1000838034154423
0.02344075690861762,0.02044258931522533,1.38388991356,1.2135612478651514
0.012802540244830072,0.01675291950514976,0.779523015022,1.0039477035823692
0.009765747050572685,0.012092040903472129,0.606999993324,0.7391588922633918
0.007284833425443734,0.013351264944915314,0.466057002544,0.8106965712319034
0.015724584032493626,0.019517167531702045,0.945527017117,1.1609871829796985
0.01006274983487898,0.022159994675632982,0.623872995377,1.3111286300689058
0.005986966762194745,0.019984267615053203,0.392324000597,1.187523569444051
0.008157869396844502,0.018212202170351882,0.515654981136,1.0868508974476154
0.016119077281448117,0.022544502850526865,0.967938542366,1.3329728940529397
0.022959793737570386,0.023997804163629705,1.3565659523,1.4155362817898138
0.015051156904883881,0.019723257933751487,0.907269001007,1.1726953687632287
0.013449475683439717,0.011998800630971113,0.816276013851,0.7338618264025227
0.04273241820839944,0.012003513011719952,2.47986698151,0.7341295410983139
0.01902593844614781,0.022530152666998843,1.13308000565,1.3321576468939111
0.01748581131966643,0.011157510739997684,1.04558396339,0.6860673719137608
0.013997979546695842,0.00546775777820116,0.847437024117,0.3628272594357283
0.02612744223610148,0.012562181013103663,1.5365229845,0.765867985424046
0.014939030437777752,0.015343748340706592,0.900898993015,0.9238913902847903
0.007551401718088339,0.012423220769486293,0.481200993061,0.7579735258440872
0.014170780899571822,0.011823146240452193,0.85725402832,0.7238827385001425
0.014249884558325127,0.019275385741447465,0.861747980118,1.1472513365199686
0.016836465924381983,0.020294189449071215,1.0086940527,1.205130514624277
0.018931714065714193,0.01635593825992196,1.12772703171,0.9813948329708151
0.012803138275045449,0.015186911931070995,0.77955698967,0.9149813692291039
0.016499492689506026,0.013206579010078573,0.989550292492,0.8024768298539139
0.013802523340709937,0.014625528098150736,0.836332976818,0.8830886360094181
0.015098453750033328,0.01624162600050047,0.909955978394,0.9749006481017846
0.00878188663925036,0.015357866014200722,0.551105976105,0.9246934283343877
0.02090382254151837,0.01665649894566909,1.23976433277,0.9984699626855331
0.020412273186733887,0.018866089203957354,1.21183896065,1.1239988227986348
0.02337196874635654,0.01725191336959961,1.37998199463,1.0322960051612988
0.019296678261698487,0.009862054986588736,1.14846098423,0.6124713359779571
0.012571370094574945,0.009080919746644572,0.766390025616,0.5680943226848558
0.016086433225546256,0.010109278113620696,0.966084003448,0.626516309797655
0.01343889684383603,0.014586881284446268,0.815675020218,0.8808930748853011
0.019187754928341332,0.016551917954758383,1.14227294922,0.9925286201541401
0.021954951908657712,0.015743434830064545,1.2994799614,0.9465979483099777
0.014189738457142307,0.014835888371653477,0.858331024647,0.8950393971276066
0.011665856886233244,0.01077319306086752,0.714946985245,0.6642339301697265
0.014508498000035806,0.013006017937910314,0.876440048218,0.7910827703997204
0.013700659911292547,0.01756116898663926,0.830546021461,1.0498651019406424
0.014105124527084872,0.017690639923746393,0.853524029255,1.0572204652673363
0.015085868886275874,0.016464907926802302,0.909241020679,0.9875855002309932
0.008239139603620176,0.016692743850624664,0.5202720165249999,1.000529069158742
0.012126279293389438,0.016573973443884643,0.741104006767,0.9937816128295338
0.009384341220569739,0.018869571924222422,0.585331976414,1.1241966793484306
0.007966392714698468,0.020767588572454837,0.504777014256,1.232024755361437
0.008796731427669761,0.019952745947291434,0.551949322224,1.1857327944312828
0.01615099845520942,0.021926797771792045,0.9697520136829999,1.2978804989227561
0.018734374589100388,0.022477682751165323,1.11651599407,1.3291767825910814
0.017560814799453303,0.018871046076054693,1.04984498024,1.1242804272733884
0.010245636914750236,0.013303622785528962,0.634262979031,0.8079899762246787
0.009016471856744496,0.013128498692613982,0.56443297863,0.798041015018184
0.015248336906705523,0.016977787176422482,0.918470978737,1.0167226433456444
0.01596796973660572,0.020990705523077552,0.959353983402,1.2447002350701852
0.00961464894831597,0.01897649439538293,0.598415970802,1.130271043531975
0.01559816464343711,0.015495833245456087,0.938345015049,0.9325314739663699
0.007076563635403081,0.017692334630276835,0.454225003719,1.0573167431080783
0.011542641680072557,0.018913346647693813,0.707947015762,1.1266835617550297
0.005904694067942013,0.019261914500111804,0.38765001297,1.1464860228773912
0.006974628862046047,0.021894420633682826,0.448433995247,1.2960411238506906
0.013877121838564892,0.021944284450558044,0.840570986271,1.298873933268525
0.00847569622245391,0.02444594305002276,0.533711016178,1.4409954651701997
0.011774780219607997,0.020910995021437423,0.721135020256,1.2401718079681936
0.008261434589415301,0.019333237418672294,0.521538615227,1.1505379436501475
0.01149210498006626,0.02083505224367574,0.705075979233,1.2358574287340853
0.010356566272261156,0.020487489267281694,0.640564978123,1.2161120555452751
0.0081790627480481,0.020969494679956985,0.516858994961,1.2434952275132523
0.028308122664705778,0.019820956039237364,1.66040945053,1.1782456882266898
0.04247614652695248,0.0232040207977022,2.46530795097,1.3704407167963237
0.02763477632367417,0.02140114469582141,1.62215602398,1.268017662953948
0.03193173247501779,0.004055983231078447,1.86627006531,0.28262304556745516
0.0628635670339595,0.0034993452261545543,3.6235361099199994,0.2509999272125354
0.013072698817060644,0.02079441672297408,0.794870972633,1.2335488873316023
0.015039363119695675,0.0042444511943983965,0.906598985195,0.2933300843565014
0.014169618412790786,0.0075226904666414185,0.857187986374,0.47956988039066056
0.012734154966083992,0.016663102894648535,0.775637984276,0.9988451391167856
0.011414549904801737,0.01605112796082883,0.700670003891,0.9640782788031951
0.010423032608471121,0.017203575170166213,0.644340991974,1.029549867477159
0.01242289493182354,0.018574741879256867,0.757955014706,1.1074471126209362
0.008761715185277411,0.0196362863342395,0.549960017204,1.167754431995427
0.007820117673601553,0.019475448706901072,0.496466994286,1.1586170980723813
0.023155383188902708,0.0201051777061739,1.36767756939,1.1943925832160027
0.023687260763225144,0.023340283220313757,1.39789402485,1.378181910677188
0.013423723663387439,0.017541284586195277,0.814813017845,1.0487354508153253
0.021592679897631046,0.008493458878650134,1.27889895439,0.5347201290560682
0.014261326869619761,0.012229775075311727,0.862398028374,0.7469836975750521
0.01833568358781167,0.014061663029540455,1.09386599064,0.8510549415021488
0.013400101470214457,0.012629674148632558,0.813471019268,0.7697023326912017
0.024898173309706034,0.014750964209872403,1.46668708324,0.8902147771853113
0.015029365523482507,0.015030298910023027,0.906031012535,0.9060840390850751
0.012550669855997358,0.01308132880851462,0.765214025974,0.7953612504055145
0.022158328342728167,0.011404646153758219,1.31103396416,0.7001073626616258
0.012973757342256252,0.01698262905109557,0.789250016212,1.016997714710683
0.02504277491554741,0.014522366233042233,1.47490203381,0.8772279153234734
0.015218659919980965,0.01341955563162564,0.916785001755,0.8145762281171257
0.01995991474465318,0.013295988130329034,1.18614006042,0.8075562444225907
0.02392485501698514,0.01068140727251729,1.4113919735,0.6590194948946939
0.03591339660949282,0.013523585382112596,2.09247207642,0.8204862541717275
0.011735826420446724,0.011893489748249858,0.718922019005,0.727879018044314
0.02199686438341664,0.006292879828879799,1.30186104774,0.40970320400841753
0.021417992126739425,0.00990450292071618,1.26897478104,0.6148828422584481
0.020591077923540018,0.014909494750711988,1.22199702263,0.8992210433969134
0.015030773517403295,0.008909296839134634,0.906111001968,0.558344267049786
0.018071790693511062,0.010081011237322718,1.07887399197,0.6249104424893008
0.017176734620323618,0.012690075666178385,1.02802503109,0.7731337986013125
0.012923045429885396,0.014221207731726943,0.786369025707,0.8601188231550617
0.021556665889001674,0.013258270385099385,1.27685296535,0.8054134645352544
0.01156719659054723,0.015559171790465814,0.709342002869,0.9361297951150398
0.008237748396506645,0.014619303255196975,0.520192980766,0.8827349969410715
0.009018725486366924,0.014845237466282274,0.564561009407,0.8955705278145927
0.016428550569319217,0.020685428635969866,0.9855200052259999,1.2273571736072013
0.01831765874749007,0.02222724827285702,1.09284198284,1.3149493689440759
0.0075072025644986745,0.018592708186353696,0.478689998388,1.1084677950944615
0.006042977012362099,0.01436241695885418,0.395505994558,0.8681410495620816
0.03165771713245562,0.01837468982411125,1.8507030010199998,1.0960819708931813
0.020129881224639434,0.02709529663437879,1.19579601288,1.5915076853582135
0.0290492016971885,0.01678842888112017,1.70251083374,1.005965023975674
0.051858904738068735,0.0066238020834581135,2.99835109711,0.4285032024458899
0.04145121927648485,0.01862603996188425,2.40708088875,1.1103614039987375
0.04459961120235538,0.0080584587998421,2.5859439373,0.5100073734503372
0.03840177302195331,0.0037501159618195945,2.23383903503,0.2652464439500516
0.028226511475769066,0.0031688400014629747,1.65577304363,0.23222362062748614
0.024263153360822035,0.0007612175487415607,1.43061101437,0.09544436893628808
0.01478545103474817,0.002422751215822333,0.892174005508,0.18983762872091797
0.020761818695129837,0.006201085966061476,1.23169696331,0.40448831001540675
0.014844136683224318,0.011212387406974583,0.895507991314,0.6891849659683946
0.027280566179675725,0.013487262716215448,1.60203301907,0.8184227300277216
0.026987770590289333,0.013316690531777392,1.58539903164,0.8087323669392736
0.020768208175820535,0.01172218798154065,1.2320599556,0.7181472067142687
0.02038643408511676,0.00466525722622721,1.21037101746,0.3172364630645203
0.020945657377509357,0.007133799733203355,1.24214100838,0.4574766392144227
0.016431789375029215,0.009966779268417464,0.9857040047649999,0.6184208189985363
0.011912675493573662,0.010266938464743441,0.728968977928,0.6354731397290114
0.010982977733839829,0.012383806684293813,0.676151990891,0.7557343753192087
0.017943277149536273,0.016510578328925746,1.07157301903,0.9901800778898865
0.015728403032412085,0.019215507742940202,0.945743978024,1.1438496122091937
0.006784577485210285,0.016718423489339246,0.437637001276,1.0019879531142022
0.008131942164445268,0.0147360972842919,0.514182031155,0.8893701734337757
0.005043398373761515,0.019560152566495764,0.338719010353,1.1634292024443198
0.01165672171252897,0.02344096071206278,0.714428007603,1.383901491821654
0.00787561749973581,0.024016409016610257,0.4996199905870001,1.4165932406438186
0.013017550989402184,0.022908650841835215,0.79173797369,1.3536604772326486
0.014300514634988597,0.020734897724552587,0.864624321461,1.2301675581467464
0.00968646713029037,0.020555233787376642,0.602496027946,1.2199606842014388
0.0212612473603212,0.0172773101649982,1.26006996632,1.033738820527158
0.016900641909791243,0.01882820995610554,1.01233994961,1.1218468677984064
0.01676315161766948,0.016417625734181568,1.0045289993299997,0.984899355267661
0.010188615259102368,0.011543492379905235,0.631023526192,0.7079953448039542
0.01916923907381064,0.014306921885847784,1.14122104645,0.8649883232906584
0.008632338169646876,0.0170972310603191,0.5426099896429999,1.0235083605331556
0.014126633680185813,0.017257492953168446,0.854745984077,1.032612986448972
0.012712750730554815,0.016783896655572422,0.774421989918,1.0057075440629843
0.004510314247275789,0.019646823789208206,0.308434009552,1.1683530745291515
0.013825194980609518,0.01802318901038244,0.837620973587,1.0761128855341668
0.011919329366505069,0.02201866213208667,0.729346990585,1.303099397942404
0.012289744030821248,0.022364149502813818,0.750390589237,1.3227268540592898
0.019056601657983573,0.01769437522963732,1.13482201099,1.057432671439455
0.0274954373838619,0.018645933536227538,1.61424005032,1.111491576301734
0.020992339405548156,0.01638638566926584,1.24479305744,0.9831245783722522
0.01165205707690887,0.008544690889014411,0.714163005352,0.5376306668076749
0.011918572910749993,0.008149725173803385,0.729304015636,0.5151923003149639
0.010499743097216064,0.01458776297175221,0.648698985577,0.8809431643541862
0.005115215506571464,0.018913687526189465,0.342799007893,1.1267029273767035
0.005878924211900422,0.019869556201474764,0.386186003685,1.1810067082592903
0.010287301784181324,0.022893414512715177,0.636629998684,1.352794887325392
0.00610532428438146,0.02525545386182146,0.399048000574,1.4869845208664552
0.006436915247336618,0.023024247895389455,0.417885988951,1.3602276524411139
0.018510377653795616,0.022470772494494334,1.10379052162,1.3287842045374154
0.011325640649007082,0.025045471283047877,0.695618987083,1.4750552169341156
0.013286443206444409,0.019554018044926375,0.807013988495,1.163080694617108
0.009550454077717744,0.01569232540799989,0.594769001007,0.9436943749127156
0.01857757316720327,0.018586275200623253,1.1076079607,1.1081023312430358
0.01617926744801319,0.019220661266352218,0.971358001232,1.1441423886264728
0.011702610563740027,0.017394535985328224,0.717034995556,1.0403985274780978
0.01098876918426234,0.013565470513261818,0.67648100853,0.8228657870960457
0.02878978248841262,0.016724845654490256,1.68777298927,1.0023528022385322
0.01652073325360284,0.020944537728190354,0.9907569885250002,1.24207740006972
0.0133073900013262,0.01371274831867228,0.808203995228,0.831232775031382
0.01822748208730741,0.009365834261578526,1.08771896362,0.5842805790078011
0.026625498579438692,0.015554510406445593,1.56481802464,0.9358649775904273
0.010828588367087234,0.01589113708888587,0.667380988598,0.9549890498349883
0.021198231763223253,0.01049010688398741,1.25648999214,0.6481515434175941
0.018300832066033744,0.012677133128828094,1.09188604355,0.7723985211196803
0.012063737923851754,0.015683063983400775,0.737550973892,0.9431682248409592
0.010037490927452713,0.011480721991333959,0.622438013554,0.7044293011464695
0.013804987854675545,0.01569332628811801,0.836472988129,0.9437512358351721
0.009245178542233671,0.019462705888282777,0.577426016331,1.1578931667960812
0.016960860404078158,0.0191128856787309,1.0157610178,1.1380195581101018
0.01855206770354321,0.01901265389949844,1.10615897179,1.1323252983047085
0.011306895024961836,0.018248379184394453,0.694554030895,1.0889061469754522
0.018987635135829375,0.013459972583767715,1.13090395927,0.8168723524381891
0.015835389587261415,0.015604459294651124,0.951821982861,0.9387026199889842
0.012326117906695013,0.01613983806921468,0.752457022667,0.9691179818632601
0.00891244292848679,0.013453085567421613,0.558522999287,0.8164810946888107
0.024003085761409002,0.016796587441354344,1.41583633423,1.0064285193058686
0.03173860019344711,0.020740961800307794,1.8552980423,1.2305120638822942
0.012890991010795282,0.018069258371790603,0.7845479846,1.0787301284379192
0.01353357866488183,0.006457954620181033,0.821053981781,0.419081255123426
0.009353661221768296,0.010380349870971334,0.583589017391,0.6419161462974057
0.01379616953205067,0.01768029776043986,0.835972011089,1.0566329174330251
0.03753616521535155,0.019032598958541452,2.18466305733,1.1334583955009723
0.011060357596739795,0.02375747289838523,0.680548012257,1.4018828409934874
0.020888695524780936,0.01151410850345655,1.238904953,0.7063260196870137
0.01721727267486428,0.01000332250934674,1.03032803535,0.6204968742135173
0.013011795210958297,0.015630860557966003,0.791410982609,0.9402025001034222
0.01390882373457938,0.01193488190286171,0.842372000217,0.7302305445169535
0.00694007583077598,0.015430756673205565,0.446471005678,0.9288344138874554
0.008919673848098098,0.01773741708261653,0.558933794498,1.059877918797588
0.011577599168621906,0.02021916299796342,0.709932982922,1.2008681927523528
0.011991270302058148,0.02282453253995506,0.733434021473,1.348881638934436
0.012869727364816489,0.02052114001835556,0.783339977264,1.2180237857443053
0.01391426266194387,0.018832903823137376,0.842680990696,1.1221135307128625
0.01843944917299312,0.018199633775123097,1.09976100922,1.0861368753249154
0.01440625581814985,0.01728803676906529,0.870631575584,1.0343482087955826
0.00940043033147756,0.01483906356235784,0.586246013641,0.8952197826394749
0.014683798489673966,0.014662209603888282,0.886399030685,0.8851725461756557
0.017024897898336343,0.018569518042762273,1.0193990469,1.1071503416525976
0.014031845892386197,0.018995951234846736,0.849361002445,1.1313764045237396
0.016871193643381577,0.014973632262194475,1.0106669664399999,0.9028647545676554
0.022518858721753764,0.014938257387118486,1.33151602745,0.9008550752941903
0.020468072552610867,0.015494463941520847,1.21500897408,0.9324536825471264
0.02804728497024137,0.011364063498236682,1.64559102058,0.6978018245787743
0.0161708184352888,0.009374672492711705,0.9708780050280001,0.5847826870685162
0.023922744075189198,0.008162050398721837,1.41127204895,0.5158925077080981
0.013081887498732854,0.009170172583616604,0.795392990112,0.5731648586563708
0.017498961689206803,0.011916078156589544,1.04633104801,0.7291622863516456
0.014710816864932192,0.012334054743029704,0.887933969498,0.7529079216580056
0.013777827840684875,0.01565520376394544,0.834930002689,0.9415854600828278
0.016414468531712016,0.014518543626274,0.984719991684,0.8770107495080119
0.018274569097330936,0.016276846470071743,1.09039402008,0.9769015554561441
0.007709188316073029,0.015635805749173642,0.490164995193,0.9404834409760604
0.00989190204731808,0.01435064563922303,0.614166975021,0.8674723100390943
0.010196544929807804,0.017878520878403664,0.631474018097,1.0678941555529549
0.013607332576217202,0.02195586058188223,0.825244009495,1.299531583963804
0.01758908379227467,0.02057923614840171,1.05145096779,1.2213242804646816
0.017512760449384324,0.01898707848018308,1.0471149682999998,1.1308723351494225
0.005983780939870455,0.015243763261986593,0.392143011093,0.9182111457630013
0.007345701884167285,0.014372799079521797,0.469514995813,0.8687308674109223
0.012671702776492866,0.019324976773872432,0.772090017796,1.1500686488016405
0.012318249088179089,0.024149447986115707,0.752009987831,1.4241513071812673
0.011186941706375526,0.021004971104388787,0.687739372253,1.2455106758992633
0.010906584096174288,0.018167982040458525,0.67181199789,1.0843387110914595
0.019956274104751055,0.018862711059657727,1.18593323231,1.1238069073058692
0.010649345074769882,0.01983266746868259,0.657198011875,1.1789110253329882
0.013538226513677068,0.01637916954677951,0.821318030357,0.9827146237995671
0.012803437290153138,0.015401476038357037,0.779573976994,0.9271709540210226
0.017213663510247765,0.018694052755539453,1.03012299538,1.1142252735232434
0.010015505448515413,0.017386417238898194,0.621188998222,1.0399372940068303
0.014326173278383699,0.01626638463158822,0.866082012653,0.9763072087646714
0.015995062603332156,0.016904762810963286,0.960893154144,1.0125740618056096
0.010981006332500232,0.01873384012525567,0.676039993763,1.116485630686134
0.012111035818165654,0.015808956455234696,0.740238010883,0.9503202922556551
0.009615617337578684,0.01707780204910378,0.598470985889,1.0224045804898487
0.00990843076290158,0.019242676774843898,0.615105986595,1.1453931099651484
0.01555466161799524,0.019728655266770895,0.935873568058,1.1730019962291292
0.009322606667208902,0.020932960556431984,0.58182477951,1.2414196902664156
0.011678513093930346,0.018537463429381756,0.715665996075,1.1053292895077806
0.010574605987364538,0.01811928982588759,0.6529520154,1.0815724614809066
0.01615540394441107,0.020282317016146773,0.970002293587,1.2044560307618577
0.012871664143359517,0.019461502938851377,0.783450007439,1.157824826129602
0.01219156635601111,0.017707602881747858,0.744813024998,1.0581841465535309
0.013649120199226969,0.016109922182095365,0.827618002892,0.9674184327295358
0.01482357913256123,0.018026105426485167,0.894340097904,1.076278569822291
0.04317511583950617,0.01773649352577364,2.50501704216,1.0598254506816995
0.027609358990602594,0.02289231087247043,1.62071204185,1.3527321885053831
0.02403388326784365,0.010959273845481982,1.41758596897,0.6748053511352138
0.017561291125289657,0.002353549438245256,1.04987204075,0.18590621192340706
0.020670473253179434,0.005986015317292898,1.22650754452,0.3922699481347658
0.017443479174550042,0.00981316569555532,1.04317903519,0.6096938902718393
0.016145576314669792,0.011763936412407444,0.9694439768790001,0.7205189735694861
0.013501384705405779,0.011612402537632821,0.819225013256,0.7119101944089028
0.013391018755296065,0.013939589916126954,0.812955021858,0.8441198553612798
0.010895952797784719,0.015752471490695336,0.671208024025,0.9471113293334308
0.008392595203906629,0.017298035048821853,0.528989970684,1.0349162202883133
0.005174957675057226,0.01863132200657977,0.346193015575,1.1106614818286464
0.007511761757947182,0.021247925684346053,0.478949010372,1.2593131496234728
0.019390850183381426,0.02379286425715696,1.15381097794,1.4038934567209076
0.016104792752901363,0.025203682106446607,0.967127025127,1.48404331970308
0.012891624712989285,0.01846612925185917,0.784583985806,1.1012767291030057
0.007357512980762577,0.013092623303336465,0.470185995102,0.7960029010713886
0.008996146173942465,0.016620260748535592,0.563278257847,0.9964112372898818
0.0033343077796172036,0.020474281510711706,0.24162399768800003,1.2153617107152042
0.0038511448942376353,0.022975912948307226,0.270985990763,1.3574816995260428
0.0025922674398198274,0.02463361616895307,0.199468001723,1.451657348116517
0.0014172996562167505,0.02722795935128927,0.132716998458,1.5990443766387863
0.007411657796361755,0.027611257770748104,0.473262012005,1.6208199133009975
0.01067324844706124,0.028831544765834133,0.658555984497,1.6901455427607592
0.016017854898446305,0.02690484751390551,0.962188005447,1.580688095204393
0.00807941622711006,0.02192640559107925,0.511197984219,1.297858218774819
0.016383823155724744,0.01806532553765991,0.982978999615,1.0785067005043518
0.015099404303306729,0.018507692474789422,0.910009980202,1.1036379741245614
0.017151229156663558,0.019125920336709873,1.02657604218,1.138760069049597
0.013707577127353019,0.014763199013354183,0.830938994884,0.8909098476532475
0.01607073230967508,0.01472001391202668,0.965192019939,0.8884564622243537
0.016693005821926985,0.015046472525655802,1.0005439519899997,0.9070028771034244
0.03398969920336783,0.01581765964906487,1.98318505287,0.9508147287226638
0.02152149751617955,0.016743668392944805,1.27485501766,1.0034221393672345
0.021726932433295272,0.009168709005627024,1.28652596474,0.5730817114411667
0.023411801754781157,0.005100034161604067,1.38224494457,0.34193654168615795
0.02965495173973198,0.00891669433712125,1.73692405224,0.558764525731895
0.021218967673779465,0.008687289191951247,1.25766801834,0.5457318078923531
0.012341624725047864,0.005683077757378391,0.753337979317,0.375059786006801
0.018178019743370456,0.007298407328875739,1.08490896225,0.4668281485149389
0.01778346669146131,0.013818230082084243,1.06249403954,0.8372252912792049
0.012789162204192064,0.01578060229951625,0.778762996197,0.9487094665229406
0.013614426053806685,0.012977121307248124,0.825646996498,0.7894411261652169
0.016493027668217874,0.015286176725794215,0.9891830086709998,0.9206206937528371
0.024042790770503093,0.017417861235293403,1.41809201241,1.0417236564376409
0.019353304378105736,0.01609168869963626,1.15167796612,0.9663825717773078
0.021090401671054002,0.01113307250669468,1.25036406517,0.6846790133444753
0.01456063469315231,0.008887102809037234,0.879401981831,0.5570834037340685
0.01825747802358109,0.010942113074810161,1.08942306042,0.6738304319288064
0.03092475872066809,0.012698115613474531,1.80906295776,0.7735905554211205
0.014372942388110566,0.016006900560337017,0.868739008904,0.9615656793976366
0.014081342859190136,0.009110696781861799,0.852172970772,0.5697859835139825
0.022102071536115788,0.009752802947112199,1.3078379631,0.6062646268702035
0.021305358907640574,0.01657478416387312,1.262575984,0.993827670579672
0.012461636797477176,0.013293826369326384,0.760155975819,0.8074334327865953
0.017913600162846918,0.009899637752085882,1.06988704205,0.6146064475422204
0.014183630155622797,0.013718236668351785,0.857984006405,0.8315445732376722
0.019311868229007143,0.015885707776694263,1.14932394028,0.9546806056028262
0.017865298207221277,0.014414484132235866,1.06714296341,0.8710990336948401
0.012107937602023645,0.014220192872034215,0.740061998367,0.8600611680400806
0.011050500590077013,0.012489611885033697,0.679988026619,0.7617452663398835
0.011972930709038859,0.015763466479485316,0.732392132282,0.9477359647854497
0.013783900470225765,0.018991451754971606,0.835274994373,1.131120784922907
0.00964399229713627,0.019122924019520954,0.600082993507,1.1385898455070864
0.016869380667528872,0.018035396704650347,1.01056396961,1.0768064159026645
0.012483481686846489,0.018811995394197728,0.761397004128,1.120925703584414
0.011860537751292708,0.01802229035845701,0.726006984711,1.076061832289605
0.01781567848685626,0.015974001395346188,1.06432402134,0.9596966474970474
0.009468409579197678,0.018454293321727405,0.59010797739,1.1006043189978987
0.012713525022299204,0.0166382099221066,0.774465978146,0.9974309463920057
0.01211893925947815,0.016975337124698092,0.740687012672,1.0165834536479041
0.014761899136367985,0.019728583261987426,0.890836000443,1.172997905570982
0.012494273509139862,0.018133034201611137,0.762010097504,1.0823532921399264
0.012766050959634408,0.01737785771544706,0.777450025082,1.0394510195865383
0.00930997249221173,0.0169352413297523,0.581107020378,1.0143055745633116
0.013002413480932217,0.01820162365105646,0.790877997875,1.086249922011623
0.014753731302744369,0.0194500258441149,0.890371978283,1.157172801794196
0.012955379978929435,0.019694920338064054,0.788205981255,1.1710854838211466
0.011934255990649458,0.01687056560633346,0.730194985867,1.0106312870761618
0.015361384550163552,0.01677851925348081,0.924893319607,1.0054020488914712
0.021358359072518436,0.018088660113382588,1.26558697224,1.079832359268778
0.01295904160247265,0.017383863298686103,0.788414001465,1.0397922023083046
0.015241120675537363,0.013143224052944186,0.91806101799,0.7988775763173079
0.010644574472395963,0.01352803211357198,0.656926989555,0.8207388770864203
0.013607755394068022,0.016854274145944176,0.825268030167,1.0097057541885264
0.00657486402927022,0.017542963471998546,0.42572298646,1.0488308298659677
0.015124981110994449,0.019114489891903425,0.911463022232,1.1381106949397333
0.011822604800180029,0.020473544983910824,0.723851978779,1.2153198679484691
0.01608023679326224,0.020566597068106013,0.965731978416,1.2206062426581492
0.011744592284268116,0.016993167779833146,0.719420015812,1.0175964296083917
0.01166059422041537,0.01707524879306585,0.714648008347,1.0222595276598883
0.009974861427132919,0.016702793985986814,0.618879973888,1.001100026616244
0.014048321100001761,0.01900580314021369,0.850296974182,1.1319361003524195
0.009841462920661972,0.019711085098998632,0.611301481724,1.1720038187959263
0.013877298100093903,0.019013134610796983,0.840580999851,1.1323526079568595
0.009483935282721897,0.01852855850513843,0.590990006924,1.1048233925499782
0.020059680871782153,0.019177840182118405,1.1918078661,1.1417096833443443
0.017959207834798784,0.01905213289145266,1.07247805595,1.1345681362425746
0.013122144374243153,0.016948883024757916,0.797680020332,1.0150805718360605
0.011649839119265069,0.011981978481387351,0.714037001133,0.7329061445723822
0.014721854194365322,0.015195883463760745,0.888561010361,0.9154910502741698
0.012049269789554411,0.01813062188960854,0.736729025841,1.0822162464705822
0.016076875234008765,0.017678454811009242,0.965541005135,1.0565282177764241
0.014165358759032194,0.01709222883230252,0.856945991516,1.023224179346806
0.009357973334312769,0.016825398624716742,0.583833992481,1.008065309200477
0.05272512946002203,0.01584689047115137,3.04756212234,0.9524753586801519
0.01468626195445752,0.029993065585329742,0.886538982391,1.7561326115949025
0.019965563507214002,0.014309399103587278,1.18646097183,0.8651290563147674
0.014484435153022692,0.006932096109124902,0.87507301569,0.44601767033262446
0.018654408507943802,0.013844864864517609,1.11197304726,0.8387384378301003
0.011278255673110733,0.01324810649428762,0.692927002907,0.8048360445257621
0.008996088469263912,0.014712743067957196,0.563274979591,0.888043398868069
0.008797077655670662,0.01602831196036633,0.551968991756,0.9627820807774958
0.015295229819157916,0.02049004605834223,0.921135008335,1.21625730920313
0.008700864037960944,0.021814821078460528,0.546503007412,1.2915189997170036
0.01667964666640754,0.01932218163786789,0.9997850060459998,1.1499098545477306
0.012304413606876091,0.018530674829010912,0.75122398138,1.1049436228607095
0.013871594780435897,0.018673554949436205,0.840256989002,1.1130607742567806
0.01288688978259399,0.01602790108553706,0.784314990044,0.9627587385995631
0.009493757666570506,0.01762347381611415,0.591548025608,1.0534046967565533
0.009835875010343467,0.017438148141819737,0.610984027386,1.0428761743046615
0.015501949976545337,0.01940443744817219,0.9328789711,1.154582882982051
0.013148935078350939,0.0210358702720653,0.799202024937,1.2472660861081593
0.016390441356677526,0.0183839729802395,0.9833549857139999,1.096609355553147
0.008595708294883223,0.016152633719288073,0.54052901268,0.969844914543242
0.018332233897811294,0.0165361647083809,1.09367001057,0.9916336637008211
0.01539200684428644,0.018118520805071342,0.926633000374,1.0815287726991947
0.013114433981284528,0.018099465831746236,0.797241985798,1.0804462420933443
0.009459573420601093,0.01387135216514343,0.589605987072,0.840243205803511
0.012810126835063168,0.016604594086124885,0.779954016209,0.9955211997515572
0.0082040583123453,0.019201282105898082,0.518279016018,1.143041440650878
0.011867244083009994,0.019893105617138834,0.7263879776,1.1823445722788983
0.010023385807963529,0.019989213230319963,0.621636688709,1.187804534407879
0.014589960205983297,0.020862502627743446,0.881067991257,1.2374169103659223
0.011957257071742682,0.019583053704085723,0.731501698494,1.164730237188738
0.016162140702231913,0.018663516390286267,0.9703850150109999,1.1124904744545692
0.014422158175778525,0.017206902519037087,0.871535003185,1.029738897234777
0.008772522745213592,0.01683734690961522,0.55057400465,1.008744102283487
0.0036160492527104004,0.015771894408671522,0.257629990578,0.9482147632142037
0.011318459040653095,0.01970153507898395,0.69521099329,1.1714612733524878
0.005325456697934111,0.024419750520426303,0.354743003845,1.4395074434107857
0.02211110074318946,0.024068872371505984,1.30835092068,1.4195737322137223
0.02415928285796321,0.02305913519647082,1.42471003532,1.3622096321863355
0.04171810861695468,0.019776552475255532,2.42224311829,1.175723080810817
0.02703519333645801,0.013485296460452795,1.58809316158,0.8183110252246927
0.049826529505779156,0.0056144818549346,2.88288998604,0.3711627895343106
0.025674836188816153,0.010578704332417116,1.51081001759,0.6531848461616631
0.008063803442003394,0.005036529254519889,0.5103110075,0.33832876935463035
0.010764674675589782,0.0035223185567584137,0.663749992847,0.2523050633086449
0.009406062307195918,0.014944567648221913,0.586565971375,0.9012135670463863
0.01524532682132802,0.021411281094231932,0.918299973011,1.2685935210947739
0.018907704726686615,0.020508249831595465,1.12636303902,1.2172914823479764
0.015724777080829894,0.01885528656672028,0.945537984371,1.1233851150157106
0.013127248614521327,0.013830872455393467,0.797969996929,0.8379435161648724
0.01473884035059621,0.013455913120980018,0.88952600956,0.8166417306138487
0.007913040026815388,0.016077219898577105,0.5017459988589998,0.9655605858469545
0.012967737171518848,0.017240522341999215,0.788908004761,1.0316488703792592
0.008888204869109118,0.019183926410036717,0.557146012783,1.1420554475647051
0.01330251448138052,0.02066129282538995,0.807927012444,1.2259859959516888
0.012076764490613791,0.019554085785070868,0.738291025162,1.1630845429971821
0.010948758865056247,0.019830448840239406,0.674207985401,1.1787849830052568
0.01454953441316556,0.017961628934201584,0.878771364689,1.0726156008396528
0.012110155559667447,0.019026050141460943,0.740188002586,1.1330863511637375
0.014723420613825809,0.018139777727061962,0.888650000095,1.0827363980392262
0.013133533177569852,0.017160194749681085,0.798327028751,1.0270853857868099
0.008124865473663043,0.01736992367543208,0.513779997826,1.039000279457034
0.01274118339477335,0.01706376567444043,0.776037275791,1.0216071611017963
0.014092873301249276,0.019857728503633515,0.852828025818,1.1803347658381989
0.012901816406720775,0.02051231143949936,0.785162985325,1.2175222260383458
0.01392271167466826,0.017290452158061326,0.8431609869,1.0344854292717613
0.017119946930936117,0.017048957657587488,1.02479887009,1.0207659040093953
0.013240923665116235,0.017224621317345784,0.804427981377,1.030745518505812
0.01464387630124998,0.01540655590617021,0.884131014347,0.927459545995811
0.005445539065138618,0.01533373434329896,0.361564993858,0.9233224858578087
0.019702058807985246,0.01756044960932887,1.17149102688,1.0498242334522767
0.006963310878076766,0.020906308829590187,0.447791010141,1.2399055810880524
0.01257459106427803,0.020210266218968126,0.766573011875,1.2003627585336019
0.01269757755010622,0.017545408234547505,0.773559987545,1.0489697190807743
0.017648439864017488,0.021279033368976824,1.05482304096,1.2610804058728209
0.012887154174887509,0.017994682944914325,0.784330010414,1.0744934296684923
0.017286325229594897,0.015921353625807683,1.0342509746599997,0.9567056791612323
0.018390479941629366,0.015187248155264482,1.09697902203,0.9150004704355799
0.012517031181439842,0.015806614268339597,0.763302981853,0.9501872304583328
0.009437870169964226,0.013212267254289672,0.58837300539,0.8027999842528736
0.010286122510575427,0.015513280089378662,0.636563003063,0.9335226452579508
0.009203707770320906,0.01958963980612491,0.575070023537,1.165104399718857
0.008585763157455937,0.020859096687148443,0.539964020252,1.2372234157399842
0.02239837347098145,0.020912694035354423,1.32467114925,1.240268330515538
0.013477110974067086,0.02253564760193824,0.817846000195,1.3324698192148885
0.01027552583498243,0.016914885156908616,0.635960996151,1.0131491216129298
0.013402231297093753,0.013344601247352567,0.813592016697,0.8103180004285373
0.016458369194776216,0.018611090064031693,0.987214028835,1.1095120865159147
0.016400544919644513,0.01898321606254169,0.983928978443,1.1306529076415461
0.00947494069856801,0.01583516931883963,0.590479016304,0.9518094692088414
0.014899953885055404,0.014753272633058562,0.898679018021,0.890345920835194
0.010114271710972848,0.01755830295919522,0.626800000668,1.0497022802786835
0.01127399601935214,0.018963364501550534,0.692685008049,1.1295251221558262
0.009214884640122368,0.018059099839777798,0.575704991817,1.0781530128667371
0.010988540463929846,0.02007867736230859,0.676468014717,1.192887074244129
0.013654911649649479,0.020299764413104077,0.827947020531,1.2054472334718516
0.01060688807760509,0.02060902485227331,0.654785990715,1.2230166042008235
0.018193977707366377,0.018551025020443784,1.0858155489,1.1060997360016276
0.014059904000846784,0.01844686783685287,0.85095500946,1.1001824703548795
0.014710852536910818,0.01690351901495521,0.887935996056,1.0125034006074434
0.01062447331321581,0.01442674340921854,0.655785024166,0.87179549452493
0.010694811108130118,0.016488277055741823,0.659780979156,0.988913121995531
0.014670226351517636,0.01794142423564868,0.885627985001,1.0714677532834096
0.01228814928360371,0.01995365810743996,0.750299990177,1.185784615090455
0.015456836466243122,0.018230078753238538,0.930316030979,1.087866482606023
0.011859464444440629,0.017004636335283346,0.725946009159,1.0182479688190698
0.011620856686924023,0.01704516696377653,0.712390482426,1.0205505511984647
0.01549804284586237,0.01694918473854276,0.932657003403,1.0150977124743983
0.010601801673316228,0.01884312499596061,0.654497027397,1.1226942049662478
0.007859898747875323,0.017489227943218583,0.49872699379900004,1.0457780649245847
0.016300424171251826,0.01783625202042624,0.9782410264019998,1.0654928227536788
0.008926542802083305,0.02143163649000343,0.559324026108,1.2697499298989685
0.014454969050623717,0.019519365882503664,0.873399019241,1.161112073315914
0.010051783849385496,0.01789769438367969,0.623250007629,1.0689834200682395
0.01020448299391687,0.01944951375280743,0.631924986839,1.1571437094148016
0.013753272930227807,0.0183644087685578,0.833535015583,1.0954978946466722
0.01424275645792147,0.02048759001974118,0.861343026161,1.2161177793854059
0.017317340964488687,0.018843310971302735,1.03601300716,1.1227047703969284
0.009924818888934692,0.016597757247839046,0.616037011147,0.9951327926640532
0.016462575340566873,0.015469553040396739,0.9874529838559999,0.9310384712830606
0.010851348137751321,0.01688747354000461,0.668673992157,1.0115918423794112
0.010444031862138796,0.01809068761655594,0.645533978939,1.079947543593687
0.01680717503422435,0.017037880370622344,1.00703001022,1.0201365931221553
0.012745808161704208,0.020023629958596495,0.776300013065,1.1897597804781264
0.015554229357558735,0.017551218647844008,0.935849010944,1.049299814018132
0.01074569928204759,0.015695322532491257,0.662671983242,0.9438646443188224
0.018678680140900784,0.016839677892045185,1.11335194111,1.008876527544813
0.008754181053847798,0.017388593964136695,0.54953199625,1.0400609557748635
0.015404861346212481,0.017071095831533295,0.927363276482,1.022023594085634
0.01354201089079896,0.016904524872955767,0.821533024311,1.0125605443279915
0.01526388044620145,0.019070409674012606,0.919354021549,1.1356064571134596
0.011226487240695056,0.016033844008222803,0.689985990524,0.963096361517515
0.010518663933625869,0.016486565136709513,0.649773895741,0.9888158662966856
0.016164252693121897,0.017410878547815062,0.970504999161,1.0413269635230182
0.01322360387098109,0.01974333532511316,0.803444027901,1.1738359838805437
0.014784131171591887,0.017723746683490943,0.892099022865,1.0591012908173147
0.012216455953554493,0.015808623363787272,0.746227025986,0.9503013690233717
0.02540371657147403,0.016778819970556275,1.49540746212,1.0054191329058297
0.012454613614662888,0.0177333639928324,0.759756982327,1.0596476590294572
0.016115371592522652,0.01393141469644818,0.9677280187610001,0.8436554135926753
0.01890150829426178,0.012204783994327534,1.12601101398,0.7455639312191983
0.012531799380026928,0.016574678592908038,0.764141976833,0.9938216729957952
0.024143597679717237,0.013621858996681196,1.42381894588,0.8260692688368751
0.013707225653459448,0.015130368647155418,0.830919027328,0.9117690931293385
0.008440069359749539,0.013923030406666953,0.5316870212549999,0.8431790943587596
0.011302282848145221,0.012880906480022353,0.694292008877,0.7839750731074946
0.018392609768350242,0.019447649469364364,1.09710001945,1.1570377977532806
0.014260851592983062,0.021172892832748452,0.86237102747,1.2550504641338205
0.016176415788192986,0.016401709037723172,0.971195995808,0.9839951130645223
0.01228622194766397,0.014167902751140521,0.750190496445,0.8570905180535773
0.009043861640232114,0.015659570501922987,0.565989017487,0.9418335384940527
0.011817975836538553,0.016643186991056907,0.723589003086,0.9977136982686003
0.0182478654748056,0.01984145659824707,1.08887696266,1.1794103438883072
0.003683378011429261,0.02054612528011099,0.261454999447,1.2194432215044066
0.0024663902123731357,0.017385764396512154,0.19231680035600002,1.0399002054288708
0.0026868091958974654,0.020945648904686948,0.20483900606600003,1.2421405270311459
0.005687305891004345,0.02765053874832188,0.375299990177,1.6230515018593141
0.0023884862861613763,0.02818322275177973,0.18789100647,1.6533137713021333
0.00643688009994022,0.0268812612435588,0.417883992195,1.579348137436279
0.00986845611569171,0.026583299129094712,0.612834990025,1.562420634952383
0.007569162690645842,0.026655832130061813,0.48221001029,1.5665413016225178
0.013403515488271412,0.022776793159257153,0.813664972782,1.3461695206948505
0.014919667898363362,0.02184834705037428,0.899798989296,1.2934236410968842
0.012577635772452102,0.020603123759879688,0.766745984554,1.22268135770034
0.010985582837338224,0.016604707468645702,0.676299989223,0.9955276411171188
0.016338592137736523,0.01692972093523612,0.980409383774,1.0139919558603006
0.01801298229145624,0.018768487106464254,1.07553303242,1.1184539576377757
0.010451776877911594,0.017358305805446145,0.645973980427,1.0383402575498926
0.012461883353781383,0.014077924982056372,0.76016998291,0.851978798020288
0.014407777123063632,0.016399192429777804,0.870718002319,0.9838521422464944
0.01748533709219418,0.01925002540071938,1.04555702209,1.145810592177557
0.00758718700633241,0.01727058860697525,0.483233988285,1.0333569626176926
0.018197030808838464,0.015636739292377716,1.08598899841,0.9405364764263363
0.01196775302645693,0.01816157525263082,0.73209798336,1.0839747355670466
0.011629808254860109,0.018879468620337708,0.712899029255,1.1247589197808263
0.01748238051494303,0.015632764172253427,1.04538905621,0.9403106461864795
0.012035029326389907,0.018843907452787717,0.735920011997,1.1227386570601265
0.014847393324906026,0.016653758616729325,0.895693004131,0.9983142820715128
0.014475246471350484,0.015738685800149116,0.874550998211,0.9463281515412372
0.015341206801133477,0.017321507215155768,0.923747003078,1.036249695702241
0.016679523912846467,0.0159012076012299,0.999778032303,0.9555611649276211
0.02970089304964091,0.015697669736745218,1.73953402042,0.9439979911569283
0.013352891706665064,0.01594149222010774,0.810788989067,0.9578497712739141
0.011489095943870813,0.010320866428348813,0.704905033112,0.6385368370702765
0.013740809770884576,0.010895557571449416,0.832826972008,0.6711855708524396
0.013649859868157187,0.0180927824869965,0.827660024166,1.0800665551151678
0.014840669157199426,0.01811174978499605,0.895310997963,1.081144104804925
0.024771682576762682,0.016877680285978996,1.45950102806,1.0110354785875173
0.01984337019826636,0.01695815828042066,1.17951905727,1.0156075076632958
0.024488478552686713,0.011953256644794269,1.4434119463,0.7312744305501284
0.022082657587203187,0.00828201615913568,1.30673503876,0.5227078731817933
0.012520498707464734,0.008835664010575867,0.763499975204,0.5541611181599796
0.019238362972216868,0.008647689724769342,1.14514803886,0.5434821256457082
0.011848885604836943,0.013352632169585793,0.725345015526,0.8107742445261986
0.012518017406709468,0.015551280859947253,0.76335901022,0.9356815040757798
0.009950254057889968,0.015165812420652486,0.61748200655,0.9137826865856387
0.017199581472499746,0.018591418822974187,1.02932298183,1.1083945451719048
0.022000295188316053,0.01935161994289311,1.30205595493,1.1515822718022948
0.05477689765793517,0.01794593860797908,3.16412496567,1.0717242189383587
0.01621598545354135,0.023956114897207698,0.9734439849850001,1.4131678761212623
0.02072615720955849,0.0074647518301486915,1.22967100143,0.4762783330242843
0.012179948832351916,0.006199749497971502,0.744153022766,0.40441238403081176
0.017792972224195316,0.012976148865345344,1.06303405762,0.7893858808439976
0.01886385757148474,0.014122243766315407,1.1238720417,0.8544965890219305
0.014896398228248404,0.016050870270868572,0.898477017879,0.964063639198928
0.011711041740475105,0.012531274415142096,0.717513978481,0.7641121530938044
0.008529206286694634,0.013983979006075592,0.536750972271,0.8466416404939799
0.019771623360390025,0.01754407005843836,1.17544305325,1.0488936960620352
0.018462119763640237,0.020742546500293585,1.10104894638,1.2306020921497938
0.00917517438520602,0.017704988249188508,0.573449015617,1.058035606866791
0.024272551877514557,0.012490000718675981,1.43114495277,0.7617673563376587
0.01734870712425241,0.017327842390719134,1.03779494762,1.0366096028678806
0.010643430870786294,0.015907856951070082,0.656862020493,0.9559389206236377
0.01800198063391372,0.010872985744827729,1.07490801811,0.669903244567798
0.02347740671769949,0.01651420930503053,1.38597202301,0.9903863569906481
0.01676800930153784,0.017316751410518222,1.00480496883,1.0359795140552897
0.027412705675179897,0.010607680428885463,1.60953998566,0.6548310049218925
0.048676855252381315,0.01090734651874034,2.81757593155,0.6718553118190338
0.033626696966207854,0.019126076157355704,1.9625625610399997,1.1387689213641743
0.0216076957017748,0.00615584409821876,1.27975201607,0.401918077784168
0.03420347716636611,0.0006330832801164366,1.99532997608,0.08816494297864547
0.03487334863720406,0.007057368867237485,2.03338599205,0.4531345312393516
0.022095136484101212,0.008486904675970769,1.3074439764,0.5343477787579961
0.027442947118470114,0.0018838136858022325,1.61125802994,0.15922009066750392
0.03499360936424888,0.004989462716091214,2.0402181148500005,0.33565487590481125
0.03751120322465127,0.009102092092281938,2.18324494362,0.5692971431642682
0.022869142849915477,0.006846789010303861,1.35141599178,0.44117129538396915
0.011829047788768251,0.0016401974216724013,0.724218010902,0.14538002605528907
0.023079894989999065,0.005153910640671361,1.3633890152,0.34499731414333923
0.02595645385913101,0.013592713561233788,1.52680897713,0.8244134897730919
0.030483939114173367,0.014944702293895634,1.78401958942,0.901221216391272
0.018506972029089488,0.007012810590502155,1.10359704494,0.45060313444928646
0.030114087857399215,0.004846724893314697,1.76300799847,0.32754580856938464
0.019456648194565614,0.008004781411585865,1.15754902363,0.5069579115257207
0.01938231408905698,0.008511538418362358,1.15332603455,0.5357472443788898
0.04067197122828257,0.006940572069590839,2.36281108856,0.4464991974626712
0.044508853298835006,0.01625794992939608,2.58078789711,0.9758280255552048
0.020945762295010713,0.013562688747361301,1.24214696884,0.8227077524100747
0.029230683930579524,0.0004740736365483611,1.71282100677,0.07913145849924064
0.010833341133471841,0.005221689097851562,0.667650997639,0.3488478707966105
0.01364058305572047,0.008622893895099265,0.827132999897,0.5420734516970573
0.016054410281741753,0.012103351253726274,0.964264750481,0.7398014436909958
0.02362156347281409,0.018535217890442962,1.3941617012,1.1052017183699785
0.012430815159943293,0.016228414510082362,0.758404970169,0.9741500911483587
0.011228071496162458,0.012149303050566024,0.690075993538,0.7424120076432061
0.010945537895353161,0.013279196018831735,0.674024999142,0.8066022690838411
0.014245907132849362,0.018784322071360354,0.861522018909,1.119353556595493
0.013000107392523908,0.019492024642780853,0.790746986866,1.1595587922749564
0.011904420578367597,0.018229820867628338,0.728500008583,1.087851831886702
0.0033268093201662143,0.017017277527878266,0.24119800329200003,1.018966126627269
0.004986032588459253,0.01906286691728562,0.335460007191,1.1351779461483622
0.009488441492784693,0.023265800993046287,0.591246008873,1.3739505066634803
0.017711877229660986,0.02671470160027764,1.0584269762,1.5698857305110574
0.01258196572098589,0.024163518449445504,0.766991972923,1.4249506631778948
0.009433486713462502,0.017819707441824345,0.588123977184,1.0645529099869757
0.009505767581976963,0.015779052135236088,0.592230319977,0.9486214002607244
0.014489328508957686,0.01960113313837694,0.875351011753,1.165757346522495
0.011470137337118273,0.0211856160083351,0.70382797718,1.2557732794713792
0.009074858490112957,0.019024800427963368,0.567749977112,1.133015353787536
0.011638397857152488,0.01778879062034852,0.713387012482,1.0627964968494619
0.018047710010455832,0.020249852431245302,1.07750594616,1.2026116877568864
0.011243314971386245,0.020594831263782226,0.690941989422,1.222210253350245
0.01267818038787766,0.016513385393146035,0.772458016872,0.9903395497967323
0.011820141335396472,0.015975140060278864,0.723712027073,0.9597613361018752
0.016247757644348635,0.01875059213205152,0.9752489924430001,1.1174373276398122
0.015190355255198571,0.01830843594137896,0.915176987648,1.0923180267201587
0.012413142842732521,0.016866156016783734,0.757400989532,1.0103807742276065
0.011247979607006344,0.015027870689131112,0.691206991673,0.9059460896170587
0.019913935664366313,0.01685153902298195,1.18352794647,1.0095503693308905
0.012645034825963759,0.01893845174526651,0.770574986935,1.128109805498415
0.014831146837622957,0.016017209845989394,0.894770026207,0.9621513594220976
0.009894859673909701,0.0143265951796607,0.614335000515,0.8661059812535962
0.012621394796801464,0.01724634612366313,0.769231975079,1.0319797247858973
0.015047741837644872,0.018140767435590316,0.907074987888,1.0827926242933665
0.006241952678576553,0.019514851610210465,0.406809985638,1.1608556133441705
0.008126766580209843,0.01760465108564832,0.513888001442,1.0523353600816976
0.0034491272187127217,0.020130743636723708,0.248146995902,1.1958450073057678
0.0036027771788086096,0.023885300645763635,0.256875991821,1.4091448531964499
0.009608488188010576,0.02499092864250871,0.598065972328,1.4719565992294266
0.009610318999782184,0.02732010211901645,0.598169982433,1.6042790922414063
0.014573168147270733,0.024546355416077498,0.880114018917,1.4466999842794916
0.018191046310132495,0.021038780939729412,1.08564901352,1.247431443822185
0.01654284148610121,0.018965299228731552,0.9920129775999998,1.129635035791059
0.014472324516737486,0.014455671178002033,0.874384999275,0.8734389077448182
0.014518812447345973,0.013323037800051812,0.877026021481,0.8090929611029795
0.016840599677033337,0.015053311561282062,1.008928895,0.9073914090238641
0.013319218409310976,0.016066471520218867,0.808875977993,0.9649499605609708
0.010899701502927987,0.01518327063360711,0.671420991421,0.914774503762414
0.012194206082323678,0.015689638743983964,0.744962990284,0.9435417430525047
0.011301860030294403,0.018425286001737068,0.694267988205,1.0989563864005927
0.01671662906424682,0.019163830746275007,1.00188601017,1.1409137943754946
0.013049587572502987,0.018841091918582603,0.793558001518,1.1225787039656323
0.013955168977273376,0.017062488398099845,0.845004916191,1.021534597855067
0.013217970846098277,0.01565191359698312,0.803124010563,0.9413985426637214
0.009192740735662971,0.017167499200869324,0.574446976185,1.0275003583945013
0.009078766669977978,0.017286885368442556,0.567972004414,1.0342827966644588
0.007069223601491791,0.0194325544279553,0.453808009624,1.156180234531171
0.01403408378438342,0.021627296508303945,0.849488139153,1.2808655559635036
0.006235791918271158,0.02256019513945215,0.406459987164,1.3338643874571885
0.0033999290047253597,0.020991679516753375,0.245351999998,1.244755568549062
0.03997504571022538,0.021086079946203123,2.32321810722,1.2501185439960094
0.03476297534287277,0.03224412783373695,2.0271155834200005,1.884017533709421
0.02691241458744444,0.0205412351855154,1.58111798763,1.2191654107211056
0.029481145276309392,0.0013953764250192735,1.72704994678,0.13147151947750013
0.019335069702605404,0.0035401295127771293,1.15064203739,0.25331692014416785
0.02738443668235853,0.004507916571769827,1.60793399811,0.3082977953955266
0.022513894021843922,0.007235734532121091,1.33123397827,0.46326764913854973
0.020584829032364502,0.008321445863076343,1.22164201736,0.5249479110221588
0.026955082469058023,0.006206075040632392,1.58354198933,0.404771743942379
0.027397253413941836,0.009148470840890072,1.60866212845,0.5719319626401475
0.03755360671379531,0.007748968989800792,2.18565392494,0.49242497195061197
0.05170415970067675,0.008106736304078072,2.98955988884,0.5127500629843423
0.012414005265241416,0.013585732429725134,0.75744998455,0.824016885254542
0.030964910678677036,0.001643982619684431,1.81134402752,0.14559506664481475
0.025976572854335685,0.00921285400548208,1.5279519558,0.5755896295905666
